#Res            first
   1.000      15.6507
   2.000      13.6158
   3.000      13.8441
   4.000      14.0623
   5.000      13.1053
   6.000      15.6916
   7.000      17.8252
   8.000      18.8350
   9.000      16.3975
  10.000      17.6631
  11.000      15.7558
  12.000      13.7877
  13.000      11.4792
  14.000      14.2201
  15.000      15.6585
  16.000      13.6795
  17.000      13.4379
  18.000      12.8600
  19.000      14.5863
  20.000      13.6913
  21.000      13.5822
  22.000      16.3208
  23.000      19.0178
  24.000      18.0597
  25.000      18.6384
  26.000      17.3132
  27.000      15.7081
  28.000      15.5434
  29.000      12.9879
  30.000      15.8763
  31.000      16.3841
  32.000      14.1120
  33.000      15.9378
  34.000      16.7812
  35.000      14.3776
  36.000      11.9865
  37.000       8.7949
  38.000       6.1205
  39.000       3.0699
  40.000       1.1590
  41.000       3.1972
  42.000       5.1568
  43.000       8.2948
  44.000      11.0120
  45.000      13.1036
  46.000      12.1685
  47.000      13.7352
  48.000      11.0647
  49.000      10.6840
  50.000      12.9302
  51.000      10.8865
  52.000      10.1528
  53.000      13.1604
  54.000      12.6316
  55.000       9.8187
  56.000      12.3179
  57.000      14.5941
  58.000      12.7208
  59.000      12.6034
  60.000      16.0981
  61.000      17.1989
  62.000      15.7671
  63.000      16.7110
  64.000      19.6060
  65.000      17.8076
  66.000      16.1673
  67.000      12.8310
  68.000      10.6913
  69.000       7.6483
  70.000       6.0451
  71.000       4.8369
  72.000       5.2450
  73.000       7.2510
  74.000       8.3798
  75.000      11.4410
  76.000      12.6031
  77.000      12.7191
  78.000      15.3826
  79.000      15.1066
  80.000      12.4637
  81.000      11.9298
  82.000      15.1349
  83.000      15.7284
  84.000      16.5311
  85.000      15.0035
  86.000      17.4769
  87.000      16.7526
  88.000      13.5176
  89.000      14.2662
  90.000      16.9803
  91.000      15.5958
  92.000      13.9094
  93.000      16.8142
  94.000      18.8067
  95.000      17.6937
  96.000      15.2942
  97.000      15.0367
  98.000      17.5152
  99.000      20.0501
 100.000      19.6049
 101.000      16.5955
 102.000      15.2929
 103.000      12.4997
 104.000      13.6854
 105.000      10.8385
 106.000      10.3830
 107.000       9.1504
 108.000       9.9413
 109.000      11.7680
 110.000      10.8579
 111.000      10.9523
 112.000      10.8280
 113.000       8.9006
 114.000      11.9458
 115.000      15.4271
 116.000      17.6012
 117.000      15.8845
 118.000      12.5241
 119.000      11.0259
 120.000      12.2078
 121.000       9.5327
 122.000       7.9240
 123.000      11.2282
 124.000      11.3288
 125.000       8.7214
 126.000      10.2262
 127.000      13.2174
 128.000      12.6282
 129.000      12.1003
 130.000      14.1011
 131.000      13.6289
 132.000      13.3217
 133.000      16.2205
 134.000      18.9822
 135.000      19.2557
 136.000      18.0549
 137.000      19.1532
 138.000      21.2578
 139.000      21.1778
 140.000      21.9567
 141.000      18.7275
 142.000      17.0141
 143.000      17.0092
 144.000      16.7869
 145.000      19.1362
 146.000      19.4981
 147.000      17.9412
 148.000      17.3330
 149.000      17.0128
 150.000      13.8864
 151.000      12.3298
 152.000       9.5544
 153.000      11.5799
 154.000       9.9877
 155.000       7.4266
 156.000       5.6638
 157.000       5.9545
 158.000       4.8517
 159.000       5.6412
 160.000       7.8081
 161.000       9.3581
 162.000      12.5223
 163.000      14.9246
 164.000      15.6685
 165.000      12.8361
 166.000      12.5893
 167.000      10.3668
 168.000      11.6718
 169.000      10.7311
 170.000       9.0800
 171.000       9.8190
 172.000      11.1200
 173.000       9.5032
 174.000      12.5278
 175.000      12.8563
 176.000      13.4644
 177.000      11.7280
 178.000      15.0699
 179.000      15.1161
 180.000      11.8938
 181.000      13.5807
 182.000      16.5232
 183.000      15.0068
 184.000      13.7404
 185.000      17.0831
 186.000      18.4384
 187.000      16.6025
 188.000      17.8397
 189.000      20.9923
