#Res            first
   1.000      12.3432
   2.000      11.3997
   3.000       9.4102
   4.000       8.9571
   5.000       8.5529
   6.000      10.1632
   7.000      11.5096
   8.000      11.4834
   9.000      14.2398
  10.000      15.3248
  11.000      17.4714
  12.000      15.7271
  13.000      16.8347
  14.000      15.2066
  15.000      12.8572
  16.000       9.9288
  17.000      10.9155
  18.000      11.7612
  19.000       9.4877
  20.000       8.3329
  21.000       7.4277
  22.000       8.6269
  23.000       8.8063
  24.000       9.6175
  25.000      12.0865
  26.000      11.6170
  27.000      12.9413
  28.000      11.5645
  29.000      10.1130
  30.000       9.4306
  31.000       9.9462
  32.000       9.2043
  33.000      11.9003
  34.000      12.0287
  35.000      11.1591
  36.000      13.2203
  37.000      14.5433
  38.000      12.3935
  39.000      10.5083
  40.000       7.6586
  41.000       5.2026
  42.000       2.6034
  43.000       0.9264
  44.000       3.1136
  45.000       5.6116
  46.000       8.6291
  47.000      11.1749
  48.000      12.9113
  49.000      10.9419
  50.000      11.8109
  51.000       9.4173
  52.000      10.1185
  53.000      11.2995
  54.000       8.7055
  55.000       8.9723
  56.000      11.3372
  57.000      10.2805
  58.000       8.0355
  59.000      10.4195
  60.000      12.0701
  61.000      10.0884
  62.000      10.3791
  63.000      13.3966
  64.000      13.8620
  65.000      12.7134
  66.000      13.8965
  67.000      16.2327
  68.000      14.9011
  69.000      13.6626
  70.000      10.7655
  71.000       8.8911
  72.000       6.4315
  73.000       4.6416
  74.000       3.9807
  75.000       4.1139
  76.000       6.6202
  77.000       7.5644
  78.000      10.4493
  79.000      10.8712
  80.000      10.7374
  81.000      13.1405
  82.000      13.6766
  83.000      12.0557
  84.000      11.7828
  85.000      14.2198
  86.000      14.5959
  87.000      13.8782
  88.000      12.1075
  89.000      14.4817
  90.000      15.3556
  91.000      12.7161
  92.000      13.1725
  93.000      15.9953
  94.000      15.0650
  95.000      13.5340
  96.000      16.4252
  97.000      18.4624
  98.000      17.2924
  99.000      14.5915
 100.000      14.0588
 101.000      16.9160
 102.000      19.5130
 103.000      18.9750
 104.000      15.9766
 105.000      14.7165
 106.000      11.7764
 107.000      11.7862
 108.000       8.7883
 109.000       7.8722
 110.000       7.1612
 111.000       6.6918
 112.000       8.1313
 113.000       8.3325
 114.000       8.1518
 115.000       8.6478
 116.000       7.5112
 117.000      10.3292
 118.000      13.0969
 119.000      14.4018
 120.000      12.3566
 121.000      10.0679
 122.000       8.2890
 123.000       9.5159
 124.000       7.5468
 125.000       6.9959
 126.000      10.0491
 127.000      10.2685
 128.000       8.3019
 129.000       9.9191
 130.000      12.6044
 131.000      12.1041
 132.000      10.4095
 133.000      12.0058
 134.000      11.1396
 135.000      10.6320
 136.000      12.6381
 137.000      14.9300
 138.000      14.5137
 139.000      13.0045
 140.000      13.9645
 141.000      15.9336
 142.000      16.5426
 143.000      17.5157
 144.000      14.8061
 145.000      13.6235
 146.000      14.2988
 147.000      14.1107
 148.000      16.1507
 149.000      16.7755
 150.000      15.5907
 151.000      15.4609
 152.000      15.1823
 153.000      12.7666
 154.000      10.9962
 155.000       8.1626
 156.000       8.8756
 157.000       7.6599
 158.000       6.0589
 159.000       4.4373
 160.000       3.6531
 161.000       2.7639
 162.000       4.4598
 163.000       6.6664
 164.000       8.6835
 165.000      11.4849
 166.000      13.5412
 167.000      14.6368
 168.000      11.9876
 169.000      12.0731
 170.000       9.8777
 171.000      10.5507
 172.000       8.7684
 173.000       6.6270
 174.000       5.8272
 175.000       6.0528
 176.000       5.9362
 177.000       7.6027
 178.000       6.9195
 179.000       8.0116
 180.000       7.7730
 181.000      10.0437
 182.000       9.2041
 183.000       7.5580
 184.000       9.6157
 185.000      11.2879
 186.000      10.3564
 187.000      10.3391
 188.000      12.9092
 189.000      13.8077
 190.000      13.2528
 191.000      14.4155
 192.000      16.9075
 193.000      17.6615
 194.000      17.5026
 195.000      19.2304
 196.000      21.2042
 197.000      21.7683
