#Res            first
   1.000       9.6712
   2.000       8.5463
   3.000       9.4006
   4.000       9.9405
   5.000       9.5366
   6.000      11.7329
   7.000      13.4679
   8.000      14.3703
   9.000      12.5858
  10.000      13.0969
  11.000      11.6028
  12.000      10.2894
  13.000       8.4264
  14.000      10.2055
  15.000      10.7748
  16.000       8.9758
  17.000       8.5494
  18.000       7.8549
  19.000       8.9747
  20.000       8.8299
  21.000       8.7767
  22.000      10.7204
  23.000      11.9335
  24.000      11.4479
  25.000      11.6998
  26.000      10.7894
  27.000       9.9981
  28.000      10.1599
  29.000       8.6960
  30.000      10.7257
  31.000      10.4276
  32.000       8.6359
  33.000      10.1987
  34.000      10.0402
  35.000       7.7262
  36.000       6.2933
  37.000       4.8353
  38.000       2.8358
  39.000       2.0102
  40.000       0.5329
  41.000       1.5245
  42.000       3.5756
  43.000       5.9304
  44.000       8.0911
  45.000       9.2823
  46.000       8.8792
  47.000       9.6512
  48.000       7.4326
  49.000       7.5345
  50.000       8.3458
  51.000       6.1405
  52.000       5.9480
  53.000       6.7190
  54.000       5.1729
  55.000       3.4726
  56.000       4.7511
  57.000       4.3651
  58.000       2.6706
  59.000       3.0262
  60.000       4.2484
  61.000       3.4281
  62.000       3.6278
  63.000       4.9716
  64.000       5.9679
  65.000       6.3192
  66.000       6.9268
  67.000       4.9041
  68.000       4.5408
  69.000       3.0166
  70.000       3.4470
  71.000       3.1041
  72.000       3.2342
  73.000       4.4024
  74.000       3.7277
  75.000       5.1922
  76.000       4.2483
  77.000       5.7981
  78.000       8.2463
  79.000       8.9453
  80.000       8.0845
  81.000       7.9009
  82.000       9.7090
  83.000      10.6365
  84.000      10.7871
  85.000      10.0127
  86.000      11.7089
  87.000      11.6282
  88.000       9.5729
  89.000      10.1514
  90.000      12.2187
  91.000      11.5317
  92.000      10.0645
  93.000      11.7525
  94.000      13.6132
  95.000      12.9955
  96.000      11.0703
  97.000      10.2635
  98.000      12.2272
  99.000      13.3695
 100.000      12.7977
 101.000      10.5022
 102.000       9.4430
 103.000       7.2588
 104.000       6.7997
 105.000       5.4431
 106.000       6.1176
 107.000       6.0773
 108.000       6.4815
 109.000       7.0153
 110.000       5.8105
 111.000       4.4032
 112.000       2.5239
 113.000       1.7551
 114.000       2.5701
 115.000       3.1997
 116.000       3.7630
 117.000       3.4992
 118.000       3.4019
 119.000       4.5359
 120.000       6.2225
 121.000       5.8382
 122.000       4.0781
 123.000       5.7392
 124.000       7.3711
 125.000       6.0832
 126.000       6.3140
 127.000       8.4501
 128.000       9.0751
 129.000       8.1734
 130.000       9.1428
 131.000       8.2188
 132.000       8.3121
 133.000       9.9596
 134.000      11.2463
 135.000      10.8994
 136.000       8.6247
 137.000       9.6734
 138.000      10.3517
 139.000       8.7666
 140.000       9.8696
 141.000       8.7077
 142.000       6.4933
 143.000       5.2572
 144.000       3.7375
 145.000       4.0179
 146.000       4.9894
 147.000       5.8098
 148.000       6.8528
 149.000       8.3621
 150.000       7.3437
 151.000       5.4188
 152.000       4.2832
 153.000       5.8769
 154.000       5.3194
 155.000       4.2921
 156.000       3.6163
 157.000       3.6037
 158.000       2.9372
 159.000       3.9586
 160.000       5.0377
 161.000       6.5716
 162.000       8.1963
 163.000       9.5846
 164.000      11.2506
 165.000       9.6544
 166.000       9.6886
 167.000       7.9172
 168.000       8.3804
 169.000       7.3003
 170.000       6.1156
 171.000       6.0861
 172.000       6.7405
 173.000       5.7015
 174.000       7.7399
 175.000       7.1971
 176.000       6.7004
 177.000       4.5969
 178.000       5.3329
 179.000       6.3972
 180.000       4.8429
 181.000       3.8711
 182.000       5.8113
 183.000       6.7101
 184.000       5.4994
 185.000       6.1115
 186.000       8.4460
 187.000       8.7617
 188.000       8.2069
 189.000      10.1387
