#Res            first
   1.000      18.3092
   2.000      16.7636
   3.000      14.3711
   4.000      13.1931
   5.000      11.7428
   6.000      12.1044
   7.000      12.9078
   8.000      11.9945
   9.000      14.4648
  10.000      16.1353
  11.000      17.8624
  12.000      15.8915
  13.000      17.5271
  14.000      16.5061
  15.000      14.1216
  16.000      11.4434
  17.000      13.4195
  18.000      15.2044
  19.000      13.2917
  20.000      12.7008
  21.000      12.1810
  22.000      13.7873
  23.000      12.8265
  24.000      12.8242
  25.000      15.4992
  26.000      17.0138
  27.000      18.4422
  28.000      17.0576
  29.000      15.7842
  30.000      13.9714
  31.000      14.3195
  32.000      12.0472
  33.000      14.7484
  34.000      14.7962
  35.000      12.7784
  36.000      14.5066
  37.000      15.6112
  38.000      13.4792
  39.000      11.1372
  40.000       8.2166
  41.000       5.5718
  42.000       2.8855
  43.000       0.9361
  44.000       3.3275
  45.000       5.7382
  46.000       8.8729
  47.000      11.5049
  48.000      13.2324
  49.000      11.6247
  50.000      13.2580
  51.000      11.0556
  52.000      11.0222
  53.000      12.8452
  54.000      10.1865
  55.000       9.4858
  56.000      12.2042
  57.000      11.9181
  58.000       9.1226
  59.000      11.5509
  60.000      13.7683
  61.000      11.7354
  62.000      11.4729
  63.000      14.8572
  64.000      15.6551
  65.000      13.9975
  66.000      15.1486
  67.000      17.9134
  68.000      16.3481
  69.000      14.7525
  70.000      11.6654
  71.000       9.7084
  72.000       7.0799
  73.000       5.6398
  74.000       4.7269
  75.000       5.6537
  76.000       7.7362
  77.000       8.6018
  78.000      11.5242
  79.000      12.1261
  80.000      11.7758
  81.000      14.1423
  82.000      14.6442
  83.000      12.4599
  84.000      12.4892
  85.000      15.4920
  86.000      16.2244
  87.000      16.6049
  88.000      15.0810
  89.000      17.0978
  90.000      16.8923
  91.000      13.7997
  92.000      14.5096
  93.000      17.0194
  94.000      15.7501
  95.000      14.1962
  96.000      17.0342
  97.000      18.8384
  98.000      17.5608
  99.000      15.0157
 100.000      14.7306
 101.000      17.3906
 102.000      19.9896
 103.000      19.5040
 104.000      16.5398
 105.000      15.3241
 106.000      12.4232
 107.000      12.6140
 108.000       9.5535
 109.000       9.3835
 110.000       8.8204
 111.000       9.6354
 112.000      11.6234
 113.000      11.0200
 114.000      11.1423
 115.000      10.9766
 116.000       8.9993
 117.000      11.7168
 118.000      15.1200
 119.000      17.4839
 120.000      15.8429
 121.000      12.6891
 122.000      11.3691
 123.000      12.4321
 124.000       9.5960
 125.000       8.1464
 126.000      11.3231
 127.000      11.1063
 128.000       8.3360
 129.000       9.8691
 130.000      12.7572
 131.000      11.9234
 132.000      11.0905
 133.000      13.6052
 134.000      13.8761
 135.000      14.4354
 136.000      16.0239
 137.000      18.4307
 138.000      18.9807
 139.000      17.8105
 140.000      17.6423
 141.000      18.6359
 142.000      19.1413
 143.000      19.4879
 144.000      16.7023
 145.000      15.1752
 146.000      16.0185
 147.000      16.1720
 148.000      18.5045
 149.000      18.8421
 150.000      16.8477
 151.000      16.0301
 152.000      15.3451
 153.000      12.8061
 154.000      11.4654
 155.000       8.5514
 156.000       9.8250
 157.000       8.6964
 158.000       6.7057
 159.000       5.2637
 160.000       4.7461
 161.000       3.9890
 162.000       4.8273
 163.000       7.1094
 164.000       8.7886
 165.000      11.7876
 166.000      13.9468
 167.000      15.0727
 168.000      12.6490
 169.000      11.9690
 170.000       9.7178
 171.000      11.0501
 172.000       9.7610
 173.000       7.9339
 174.000       8.3844
 175.000       8.8320
 176.000       8.2268
 177.000      11.2816
 178.000      11.2013
 179.000      11.9921
 180.000      10.6946
 181.000      13.9335
 182.000      13.7174
 183.000      10.9083
 184.000      12.7532
 185.000      15.4878
 186.000      14.0954
 187.000      12.8475
 188.000      15.9549
 189.000      17.4570
 190.000      15.7265
 191.000      16.4558
 192.000      19.5152
 193.000      19.7825
 194.000      18.8369
 195.000      21.0393
 196.000      23.1590
 197.000      24.6726
