#Res            first
   1.000       6.7932
   2.000       6.9585
   3.000       7.9930
   4.000      10.3571
   5.000      10.8177
   6.000      13.4157
   7.000      16.2438
   8.000      18.3807
   9.000      16.3407
  10.000      17.4209
  11.000      15.8958
  12.000      13.4645
  13.000      10.4560
  14.000      11.5561
  15.000      12.8297
  16.000      10.4400
  17.000       8.2589
  18.000       6.6399
  19.000       6.3704
  20.000       4.6276
  21.000       5.7160
  22.000       6.7338
  23.000       6.7733
  24.000       6.9057
  25.000       6.4959
  26.000       7.1617
  27.000       6.9487
  28.000       8.9583
  29.000       8.4925
  30.000      11.3095
  31.000      10.1687
  32.000      10.2715
  33.000      13.1038
  34.000      14.9603
  35.000      12.7899
  36.000      11.7165
  37.000       8.4274
  38.000       6.1199
  39.000       3.2254
  40.000       1.1706
  41.000       2.6734
  42.000       4.7905
  43.000       7.9091
  44.000      10.4091
  45.000      12.6700
  46.000      10.9625
  47.000      12.0919
  48.000       9.7381
  49.000      10.4274
  50.000      12.1075
  51.000       9.7264
  52.000       9.3080
  53.000      12.0109
  54.000      11.4339
  55.000       8.8360
  56.000      10.6905
  57.000      13.0051
  58.000      11.2529
  59.000      10.6395
  60.000      13.7317
  61.000      15.2197
  62.000      14.1230
  63.000      14.1667
  64.000      17.0926
  65.000      16.1415
  66.000      14.0301
  67.000      11.5599
  68.000       8.7656
  69.000       6.1582
  70.000       3.3154
  71.000       2.1605
  72.000       2.9770
  73.000       5.7873
  74.000       7.4163
  75.000      10.5298
  76.000      11.0628
  77.000      10.4483
  78.000      12.8859
  79.000      13.9466
  80.000      11.9369
  81.000      11.3119
  82.000      14.1733
  83.000      13.7478
  84.000      12.8572
  85.000      10.1673
  86.000      11.2490
  87.000      12.7922
  88.000      10.6793
  89.000      10.4029
  90.000      13.3748
  91.000      13.7916
  92.000      12.2391
  93.000      14.1627
  94.000      16.9421
  95.000      16.8693
  96.000      14.8309
  97.000      14.3306
  98.000      16.0912
  99.000      17.9337
 100.000      16.6114
 101.000      13.9992
 102.000      11.5441
 103.000       8.9230
 104.000       9.3257
 105.000       6.8151
 106.000       4.5728
 107.000       3.5125
 108.000       3.9075
 109.000       6.6122
 110.000       7.9925
 111.000       8.6627
 112.000       9.3065
 113.000       7.7268
 114.000       9.9456
 115.000      13.1439
 116.000      15.3170
 117.000      13.6044
 118.000      10.8968
 119.000       9.3450
 120.000      10.7472
 121.000       8.5957
 122.000       7.4406
 123.000      10.4488
 124.000      10.9481
 125.000       8.4250
 126.000       8.7034
 127.000      11.7217
 128.000      11.5231
 129.000       9.2105
 130.000       8.8946
 131.000       7.1025
 132.000       5.1712
 133.000       5.9642
 134.000       8.0211
 135.000       8.6914
 136.000       9.7089
 137.000      11.2244
 138.000      13.9483
 139.000      15.2469
 140.000      16.7236
 141.000      14.1353
 142.000      12.6214
 143.000      14.0564
 144.000      13.9687
 145.000      15.8569
 146.000      15.8584
 147.000      13.5500
 148.000      12.5591
 149.000      11.0931
 150.000       9.3235
 151.000       8.3310
 152.000       5.7362
 153.000       6.0983
 154.000       6.3657
 155.000       5.6932
 156.000       3.9636
 157.000       2.2065
 158.000       2.9320
 159.000       5.1101
 160.000       7.9254
 161.000       9.8371
 162.000      12.9767
 163.000      14.6633
 164.000      15.5573
 165.000      12.4899
 166.000      12.8391
 167.000      10.5202
 168.000      11.2956
 169.000       8.8392
 170.000       5.9186
 171.000       4.8745
 172.000       4.0393
 173.000       4.3122
 174.000       6.8176
 175.000       7.2946
 176.000       9.5630
 177.000       9.4446
 178.000      12.3654
 179.000      11.2422
 180.000       9.3584
 181.000      11.8743
 182.000      13.7972
 183.000      12.3475
 184.000      12.5950
 185.000      15.5443
 186.000      16.1749
 187.000      15.2872
 188.000      17.0304
 189.000      19.8090
