#Res            first
   1.000       8.8442
   2.000       8.1832
   3.000       8.4694
   4.000       8.5494
   5.000       7.7361
   6.000       9.2475
   7.000      10.1692
   8.000      10.3417
   9.000       8.8578
  10.000       9.2985
  11.000       8.3531
  12.000       6.9158
  13.000       5.6833
  14.000       7.1684
  15.000       8.1423
  16.000       7.2638
  17.000       7.3209
  18.000       7.4322
  19.000       8.6118
  20.000       8.2945
  21.000       8.1299
  22.000       9.8218
  23.000      11.4674
  24.000      10.7598
  25.000      10.9120
  26.000       9.9386
  27.000       8.7221
  28.000       8.3850
  29.000       6.7747
  30.000       8.0958
  31.000       8.6237
  32.000       7.3050
  33.000       7.8819
  34.000       8.5098
  35.000       7.5209
  36.000       6.3238
  37.000       4.5730
  38.000       3.3836
  39.000       1.5763
  40.000       0.8075
  41.000       1.7156
  42.000       2.7744
  43.000       4.4165
  44.000       5.9159
  45.000       6.6663
  46.000       5.9755
  47.000       6.8392
  48.000       5.5434
  49.000       5.4090
  50.000       6.7701
  51.000       5.7924
  52.000       5.6466
  53.000       7.4177
  54.000       7.0610
  55.000       5.6199
  56.000       7.1708
  57.000       8.3380
  58.000       7.2425
  59.000       7.1187
  60.000       9.2092
  61.000       9.7527
  62.000       8.7729
  63.000       9.2757
  64.000      10.8571
  65.000       9.7561
  66.000       8.6775
  67.000       6.9518
  68.000       5.7706
  69.000       4.3115
  70.000       3.3923
  71.000       3.0121
  72.000       3.1867
  73.000       4.2560
  74.000       4.7912
  75.000       6.2779
  76.000       6.8835
  77.000       6.5806
  78.000       7.6499
  79.000       7.8336
  80.000       6.4996
  81.000       6.5574
  82.000       8.4158
  83.000       8.8635
  84.000       9.9009
  85.000       9.2775
  86.000      11.0516
  87.000      10.4198
  88.000       8.2995
  89.000       8.7822
  90.000      10.3414
  91.000       9.2819
  92.000       8.1586
  93.000       9.8823
  94.000      10.8886
  95.000      10.0226
  96.000       8.4677
  97.000       8.3181
  98.000       9.8685
  99.000      11.3774
 100.000      11.4646
 101.000       9.6501
 102.000       9.1043
 103.000       7.4198
 104.000       8.0528
 105.000       6.4226
 106.000       6.1339
 107.000       5.5912
 108.000       6.0231
 109.000       7.1260
 110.000       6.5357
 111.000       6.5409
 112.000       6.3229
 113.000       5.1591
 114.000       6.8063
 115.000       8.7836
 116.000      10.0026
 117.000       9.1558
 118.000       7.2919
 119.000       6.4286
 120.000       6.8871
 121.000       5.1912
 122.000       4.5017
 123.000       6.4787
 124.000       6.2438
 125.000       4.9217
 126.000       6.1248
 127.000       7.8491
 128.000       7.4795
 129.000       7.5921
 130.000       8.7238
 131.000       8.1699
 132.000       7.8771
 133.000       9.7287
 134.000      11.6292
 135.000      11.8044
 136.000      11.0825
 137.000      11.6010
 138.000      12.3538
 139.000      12.3519
 140.000      12.1520
 141.000       9.9558
 142.000       9.2967
 143.000       9.6403
 144.000       9.6648
 145.000      11.1489
 146.000      11.4158
 147.000      10.4016
 148.000      10.0420
 149.000      10.1398
 150.000       8.2003
 151.000       7.1847
 152.000       5.4963
 153.000       6.4899
 154.000       5.3360
 155.000       3.7432
 156.000       2.8691
 157.000       3.3663
 158.000       2.8940
 159.000       3.3956
 160.000       4.4879
 161.000       4.9157
 162.000       6.5555
 163.000       7.6057
 164.000       7.8573
 165.000       6.3112
 166.000       6.3676
 167.000       5.6041
 168.000       6.7478
 169.000       6.4735
 170.000       5.5958
 171.000       5.9362
 172.000       6.4963
 173.000       5.2641
 174.000       6.9342
 175.000       7.4470
 176.000       7.6363
 177.000       6.7176
 178.000       8.6990
 179.000       8.8694
 180.000       7.0284
 181.000       7.8681
 182.000       9.6740
 183.000       8.9610
 184.000       8.0014
 185.000       9.8349
 186.000      10.8475
 187.000       9.7041
 188.000      10.0684
 189.000      12.2669
