#Res            first
   1.000      13.0416
   2.000      11.4230
   3.000      11.4872
   4.000      11.2188
   5.000       9.9881
   6.000      11.9613
   7.000      12.7446
   8.000      12.6457
   9.000      10.7116
  10.000      10.6676
  11.000       9.5146
  12.000       7.2228
  13.000       5.9310
  14.000       7.1613
  15.000       9.3768
  16.000       8.9977
  17.000       9.2266
  18.000       9.6468
  19.000      11.4504
  20.000      10.9758
  21.000      11.1884
  22.000      13.6349
  23.000      15.7175
  24.000      14.8435
  25.000      14.6371
  26.000      13.0353
  27.000      10.9249
  28.000       9.9112
  29.000       7.2662
  30.000       8.0395
  31.000       9.1747
  32.000       7.1659
  33.000       6.9334
  34.000       7.1570
  35.000       6.8307
  36.000       6.0078
  37.000       4.2796
  38.000       3.6636
  39.000       1.4129
  40.000       0.9669
  41.000       1.6393
  42.000       2.6517
  43.000       4.0404
  44.000       5.9998
  45.000       5.7367
  46.000       4.8139
  47.000       6.2932
  48.000       5.8310
  49.000       6.0379
  50.000       8.5089
  51.000       7.7985
  52.000       7.8861
  53.000      10.7973
  54.000      10.3771
  55.000       8.2685
  56.000      10.5534
  57.000      12.3242
  58.000      10.4931
  59.000      10.1012
  60.000      13.1341
  61.000      13.8072
  62.000      11.8129
  63.000      12.1301
  64.000      14.0054
  65.000      11.8576
  66.000      10.0464
  67.000       8.2308
  68.000       6.8929
  69.000       5.5706
  70.000       4.3313
  71.000       4.0644
  72.000       4.1858
  73.000       5.0787
  74.000       5.4006
  75.000       6.7370
  76.000       7.9523
  77.000       6.9589
  78.000       7.6162
  79.000       7.6926
  80.000       5.5064
  81.000       6.6110
  82.000       8.7057
  83.000      10.2837
  84.000      12.1526
  85.000      11.7420
  86.000      13.8810
  87.000      12.7349
  88.000      10.1957
  89.000      11.6513
  90.000      13.3719
  91.000      11.1443
  92.000      10.5194
  93.000      13.4470
  94.000      14.0911
  95.000      11.8122
  96.000       9.9246
  97.000      10.6239
  98.000      12.9520
  99.000      15.7148
 100.000      16.2175
 101.000      13.7643
 102.000      13.1108
 103.000      10.7350
 104.000      11.6075
 105.000       8.9440
 106.000       8.3112
 107.000       7.5793
 108.000       8.0432
 109.000       9.4798
 110.000       8.3821
 111.000       8.6098
 112.000       8.4981
 113.000       7.2758
 114.000       9.7540
 115.000      12.6735
 116.000      14.6094
 117.000      13.1104
 118.000      10.4501
 119.000       9.1155
 120.000       9.7481
 121.000       7.0319
 122.000       6.6943
 123.000       9.5079
 124.000       8.7661
 125.000       6.8486
 126.000       8.9679
 127.000      11.0130
 128.000       9.7446
 129.000       9.7507
 130.000      11.9052
 131.000      11.2800
 132.000      10.8958
 133.000      12.6969
 134.000      14.8206
 135.000      13.9448
 136.000      12.0760
 137.000      11.6442
 138.000      12.4301
 139.000      13.3170
 140.000      12.3285
 141.000       9.9909
 142.000      10.5726
 143.000      11.9993
 144.000      12.5467
 145.000      15.2408
 146.000      16.0622
 147.000      14.6822
 148.000      14.5849
 149.000      14.5659
 150.000      11.9301
 151.000      10.2851
 152.000       7.5464
 153.000       8.1359
 154.000       5.9194
 155.000       3.4202
 156.000       3.0223
 157.000       4.3924
 158.000       4.1298
 159.000       4.2613
 160.000       4.8852
 161.000       4.4565
 162.000       5.7074
 163.000       5.9951
 164.000       6.0640
 165.000       5.1725
 166.000       6.1817
 167.000       6.0956
 168.000       7.6655
 169.000       8.1328
 170.000       7.4898
 171.000       8.0868
 172.000       8.5025
 173.000       6.5767
 174.000       8.7329
 175.000       9.7557
 176.000      10.2507
 177.000       9.3559
 178.000      12.2263
 179.000      12.1740
 180.000       9.6302
 181.000      10.9840
 182.000      13.2718
 183.000      11.9039
 184.000      10.3289
 185.000      12.9044
 186.000      13.8570
 187.000      11.6450
 188.000      11.9869
 189.000      14.3777
