Resp charges for organic molecule

 &cntrl

 nmol = 1,
 ihfree = 1,
 ioutopt = 1,
 iqopt = 2,
 qwt =  0.00100,

 &end
    1.0
Resp charges for organic molecule
   -2   70
    6  -99
    7  -99
    8  -99
   16  -99
    6  -99
    7  -99
    8  -99
   16  -99
    6    0
    7  -99
    8  -99
    6    0
    7  -99
    8  -99
    6  -99
    7  -99
    8  -99
    6  -99
    7  -99
    8  -99
    6  -99
    8  -99
    6    0
    8  -99
    6    0
    8  -99
    6  -99
    8  -99
    6  -99
    8  -99
    6  -99
    8  -99
    6    9
    6   12
    6  -99
    6  -99
    6  -99
    6   23
    6   25
    6  -99
    1  -99
    1  -99
    1  -99
    1    0
    1   44
    1    0
    1   46
    1  -99
    1  -99
    1    0
    1   50
    1  -99
    1    0
    1   53
    1  -99
    1  -99
    1  -99
    1  -99
    1   44
    1   44
    1   46
    1   46
    1  -99
    1  -99
    1   50
    1   50
    1  -99
    1   53
    1   53
    1  -99

