
Resp charges for organic molecule                                               

iqopt   irstrnt  ihfree     qwt
  2      1      1        0.001000

 rel.rms   dipole mom       Qxx      Qyy      Qzz
    0.02915  56.10736-191.87847  98.28746  93.59101

          Point charges before & after optimization
    NO   At.No.    q0           q(opt)   IVARY  d(rstr)/dq 
     1     6   0.840480       0.840480  -99    0.001181
     2     7  -0.630472      -0.630472  -99    0.001567
     3     8  -0.767296      -0.767296  -99    0.001292
     4    16  -0.131112      -0.131112  -99    0.006064
     5     6   0.045021       0.045021  -99    0.009118
     6     7  -0.914776      -0.914776  -99    0.001087
     7     8  -0.767296      -0.767296  -99    0.001292
     8    16  -0.131112      -0.131112  -99    0.006064
     9     6   0.130467       0.219029    0    0.004153
    10     7  -0.523294      -0.523294  -99    0.001877
    11     8  -0.701738      -0.701738  -99    0.001411
    12     6  -0.396264      -0.115703    0    0.006539
    13     7  -0.630472      -0.630472  -99    0.001567
    14     8  -0.533905      -0.533905  -99    0.001841
    15     6   0.934378       0.934378  -99    0.001064
    16     7  -0.914776      -0.914776  -99    0.001087
    17     8  -0.819420      -0.819420  -99    0.001211
    18     6   0.467269       0.467269  -99    0.002093
    19     7  -0.523294      -0.523294  -99    0.001877
    20     8  -0.819420      -0.819420  -99    0.001211
    21     6   0.562147       0.562147  -99    0.001751
    22     8  -0.767296      -0.767296  -99    0.001292
    23     6  -0.309407      -0.383034    0    0.002526
    24     8  -0.767296      -0.767296  -99    0.001292
    25     6  -0.152846      -0.025774    0    0.009684
    26     8  -0.701738      -0.701738  -99    0.001411
    27     6   0.853754       0.853754  -99    0.001163
    28     8  -0.533905      -0.533905  -99    0.001841
    29     6   0.840480       0.840480  -99    0.001181
    30     8  -0.819420      -0.819420  -99    0.001211
    31     6   0.045021       0.045021  -99    0.009118
    32     8  -0.819420      -0.819420  -99    0.001211
    33     6  -0.070231       0.219029    9    0.004153
    34     6  -0.205412      -0.115703   12    0.006539
    35     6   0.934378       0.934378  -99    0.001064
    36     6   0.467269       0.467269  -99    0.002093
    37     6   0.562147       0.562147  -99    0.001751
    38     6  -0.389356      -0.383034   23    0.002526
    39     6   0.099294      -0.025774   25    0.009684
    40     6   0.853754       0.853754  -99    0.001163
    41     1   0.076659       0.076659  -99    0.000000
    42     1   0.379744       0.379744  -99    0.000000
    43     1   0.379744       0.379744  -99    0.000000
    44     1  -0.029126      -0.057707    0    0.000000
    45     1   0.021894      -0.057707   44    0.000000
    46     1   0.128837      -0.002694    0    0.000000
    47     1   0.095122      -0.002694   46    0.000000
    48     1   0.348796       0.348796  -99    0.000000
    49     1   0.064946       0.064946  -99    0.000000
    50     1   0.093709       0.169768    0    0.000000
    51     1   0.243150       0.169768   50    0.000000
    52     1   0.289231       0.289231  -99    0.000000
    53     1   0.127709       0.036782    0    0.000000
    54     1   0.098950       0.036782   53    0.000000
    55     1   0.379744       0.379744  -99    0.000000
    56     1   0.076659       0.076659  -99    0.000000
    57     1   0.379744       0.379744  -99    0.000000
    58     1   0.379744       0.379744  -99    0.000000
    59     1   0.023857      -0.057707   44    0.000000
    60     1   0.084963      -0.057707   44    0.000000
    61     1   0.078654      -0.002694   46    0.000000
    62     1   0.059127      -0.002694   46    0.000000
    63     1   0.348796       0.348796  -99    0.000000
    64     1   0.064946       0.064946  -99    0.000000
    65     1   0.157791       0.169768   50    0.000000
    66     1   0.135840       0.169768   50    0.000000
    67     1   0.289231       0.289231  -99    0.000000
    68     1  -0.031810       0.036782   53    0.000000
    69     1  -0.021280       0.036782   53    0.000000
    70     1   0.379744       0.379744  -99    0.000000

        Statistics of the fitting:
  The initial sum of squares (ssvpot)                    428.955
  The residual sum of squares (chipot)                     0.364
  The std err of estimate (sqrt(chipot/N))               0.00518
  ESP relative RMS (SQRT(chipot/ssvpot))                 0.02915

 Dipole Moment (Debye)=  56.10736
