Run semi-empirical minimization
 &qmmm
    qm_theory='AM1', grms_tol=0.0005,
 scfconv=1.d-10, ndiis_attempts=700,   qmcharge=-2,
 /
   6    C1       -4.9170        0.5470       -2.1590 
   7    N1       -6.4480       -0.9290       -3.2700 
   8    O1       -3.8770       -0.1170       -1.9630 
  16    S1       -0.2860       -2.8480        1.1100 
   6    C2       -6.2620       -0.1790       -2.0230 
   7    N2       -3.8520       -0.8650        0.8030 
   8    O2       -4.9520        1.7410       -2.5230 
  16    S2        0.6330       -3.7260       -0.4880 
   6    C3       -6.3570       -1.1200       -0.7960 
   7    N3       -0.7660        0.1980        2.4330 
   8    O3       -5.1940       -1.1600        2.5980 
   6    C4       -6.2430       -0.4080        0.5770 
   7    N4        0.8520        5.0370       -0.0510 
   8    O4       -2.1020        1.1770        0.8980 
   6    C5       -5.0410       -0.8510        1.4170 
   7    N5        2.4410       -0.1380       -1.4220 
   8    O5        0.0170        2.9420        4.4270 
   6    C6       -2.5510       -1.1410        1.4040 
   7    N6        4.5530       -2.0040       -1.4530 
   8    O6        0.1060        0.7930        5.0060 
   6    C7       -1.7840        0.1880        1.5610 
   8    O7        3.6200        5.3110        0.1150 
   6    C8       -1.7850       -2.0720        0.4350 
   8    O8        3.5980        4.7060       -2.0140 
   6    C9        0.1220        1.3270        2.6920 
   8    O9        0.6350        0.8850       -0.5490 
   6   C10        0.0740        1.7210        4.1660 
   8   O10        3.8980       -2.5400        0.6670 
   6   C11        3.1060        4.7250       -0.8630 
   8   O11        6.9250       -3.4600        0.3810 
   6   C12        1.7610        4.0230       -0.5960 
   8   O12        7.1470       -1.2480        0.3090 
   6   C13        1.1200        3.3440       -1.8350 
   6   C14        1.8050        2.0430       -2.2940 
   6   C15        1.5830        0.8820       -1.3290 
   6   C16        2.3080       -1.3950       -0.6870 
   6   C17        3.6750       -2.0330       -0.4300 
   6   C18        1.2970       -2.3120       -1.4110 
   6   C19        5.9920       -2.3010       -1.4840 
   6   C20        6.7410       -2.3380       -0.1440 
   1    H1       -7.0680        0.5510       -1.9550 
   1    H2       -6.4200       -0.2930       -4.0560 
   1    H3       -5.6850       -1.5840       -3.3620 
   1    H4       -7.3250       -1.6250       -0.8250 
   1    H5       -5.6300       -1.9280       -0.8880 
   1    H6       -6.1930        0.6740        0.4560 
   1    H7       -7.1470       -0.5980        1.1560 
   1    H8       -3.8240       -0.5470       -0.1670 
   1    H9       -2.6690       -1.6240        2.3750 
   1   H10       -2.4390       -2.8830        0.1110 
   1   H11       -1.5200       -1.5250       -0.4710 
   1   H12       -0.5920       -0.6240        2.9920 
   1   H13        1.1400        1.0360        2.4400 
   1   H14       -0.1200        2.1920        2.0720 
   1   H15       -7.3300       -1.4160       -3.2630 
   1   H16        1.9200        3.2870        0.1920 
   1   H17        1.3380        5.5210        0.6920 
   1   H18        0.6210        5.6940       -0.7870 
   1   H19        1.1010        4.0330       -2.6720 
   1   H20        0.0670        3.1410       -1.6330 
   1   H21        2.8730        2.1950       -2.4480 
   1   H22        1.3940        1.7480       -3.2600 
   1   H23        3.1930       -0.0660       -2.0910 
   1   H24        1.9070       -1.1530        0.2990 
   1   H25        1.7430       -2.6950       -2.3280 
   1   H26        0.4350       -1.7230       -1.7230 
   1   H27        4.1900       -1.6450       -2.3250 
   1   H28        6.1280       -3.2600       -1.9830 
   1   H29        6.4740       -1.5610       -2.1240 
   1   H30        0.0120        4.6020        0.3010 

