0 0.962726
1 0.967948
2 0.982545
3 0.963353
4 0.970217
5 0.964212
6 0.963225
7 0.967393
8 0.963236
9 0.969727
10 0.948019
11 0.978661
12 0.949253
13 0.975091
14 0.958321
15 0.975060
16 0.964579
17 0.978780
18 0.964726
19 0.983708
20 0.955758
21 0.969940
22 0.947235
23 1.019475
24 0.937454
25 0.982073
26 1.022775
27 0.935444
28 1.019037
29 0.963751
30 0.986537
31 1.018412
32 0.950433
33 1.021789
34 0.947446
35 1.010330
36 0.984197
37 0.952981
38 1.030174
39 0.933418
40 1.029578
41 0.982153
42 0.999057
43 1.021289
44 0.966270
45 1.024453
46 0.981931
47 1.004562
48 1.005061
49 0.971326
50 1.025593
51 0.971182
52 1.003936
53 1.001766
54 0.972807
55 1.018299
56 0.968283
57 1.013646
58 0.998627
59 0.975613
60 1.017946
61 0.997636
62 1.009825
63 1.011077
64 1.001065
65 1.017510
66 1.002719
67 1.014298
68 1.015525
69 0.999599
70 1.022455
71 0.993413
72 1.019024
73 1.004679
74 1.001897
75 1.024884
76 0.992306
77 1.016950
78 1.012611
79 0.990538
80 1.026411
81 1.017911
82 1.019397
83 1.027401
84 1.020018
85 1.012896
86 1.028951
87 1.010143
88 1.030612
89 1.012334
90 1.027598
91 1.015542
92 1.021408
93 1.020574
94 1.018647
95 1.018364
96 1.021689
97 1.018944
98 1.020824
99 1.026363
100 1.013516
101 1.043003
102 1.022004
103 1.028529
104 1.035104
105 1.030008
106 1.026174
107 1.039065
108 1.019728
109 1.033916
110 1.033643
111 1.022141
112 1.047536
113 1.011171
114 1.048186
115 1.012850
116 1.040558
117 1.015594
118 1.043190
119 1.019245
120 1.042710
121 1.029529
122 1.051653
123 1.031142
124 1.037722
125 1.049198
126 1.030997
127 1.040588
128 1.040545
129 1.043156
130 1.023416
131 1.060894
132 1.042823
133 1.012632
134 1.053930
135 1.046120
136 1.014329
137 1.061458
138 1.036911
139 1.019834
140 1.065031
141 1.030472
142 1.058973
143 1.058519
144 1.020416
145 1.057075
146 1.050767
147 1.051723
148 1.044537
149 1.038680
150 1.060125
151 1.048010
152 1.052417
153 1.050981
154 1.027432
155 1.067611
156 1.052415
157 1.044490
158 1.038012
159 1.043500
160 1.079624
161 1.056444
162 1.059217
163 1.044820
164 1.047485
165 1.073856
166 1.054883
167 1.067332
168 1.040807
169 1.046149
170 1.082088
171 1.053424
172 1.057700
173 1.042846
174 1.070907
175 1.069745
176 1.052231
177 1.051921
178 1.043373
179 1.061940
180 1.072350
181 1.067108
182 1.058390
183 1.055197
184 1.058411
185 1.067623
186 1.065926
187 1.075366
188 1.071343
189 1.057691
190 1.069568
191 1.054451
192 1.054559
193 1.076673
194 1.062356
195 1.075537
196 1.067697
197 1.056671
198 1.065037
199 1.072963
200 1.062427
201 1.084460
202 1.079862
203 1.060650
204 1.082518
205 1.075398
206 1.065767
207 1.075503
208 1.072651
209 1.075287
210 1.082109
211 1.073440
212 1.068932
213 1.083140
214 1.061646
215 1.073309
216 1.089111
217 1.068271
218 1.074057
219 1.090697
220 1.061699
221 1.081432
222 1.092328
223 1.052128
224 1.091307
225 1.092263
226 1.060395
227 1.103783
228 1.072781
229 1.068114
230 1.103195
231 1.082845
232 1.059393
233 1.105162
234 1.060095
235 1.080970
236 1.097803
237 1.082024
238 1.075831
239 1.097074
240 1.067355
241 1.090729
242 1.107517
243 1.063195
244 1.097305
245 1.102371
246 1.064946
247 1.094647
248 1.105896
249 1.062718
250 1.100435
251 1.098036
252 1.061554
253 1.109205
254 1.083977
255 1.072198
256 1.103919
257 1.088183
258 1.072926
259 1.108682
260 1.083489
261 1.092200
262 1.122557
263 1.081265
264 1.089933
265 1.119977
266 1.069493
267 1.089657
268 1.125092
269 1.066908
270 1.093085
271 1.117811
272 1.068737
273 1.098809
274 1.113924
275 1.064972
276 1.105013
277 1.113941
278 1.059565
279 1.108935
280 1.104201
281 1.080231
282 1.126467
283 1.087445
284 1.098207
285 1.126507
286 1.084928
287 1.107494
288 1.123280
289 1.088433
290 1.108818
291 1.125875
292 1.084141
293 1.115268
294 1.121909
295 1.085169
296 1.123067
297 1.105213
298 1.095266
299 1.132363
300 1.091514
301 1.109439
302 1.137764
303 1.099011
304 1.118514
305 1.128166
306 1.089622
307 1.130318
308 1.124936
309 1.088233
310 1.134042
311 1.118576
312 1.082052
313 1.139958
314 1.095856
315 1.078416
316 1.148896
317 1.087697
318 1.098677
319 1.143550
320 1.080814
321 1.125083
322 1.145417
323 1.080068
324 1.134197
325 1.141153
326 1.077598
327 1.133419
328 1.140874
329 1.092556
330 1.146953
331 1.142065
332 1.085203
333 1.152939
334 1.117923
335 1.089706
336 1.161444
337 1.109331
338 1.096307
339 1.155494
340 1.082110
341 1.118677
342 1.147287
343 1.092378
344 1.121785
345 1.152680
346 1.095350
347 1.135552
348 1.162107
349 1.084370
350 1.148365
351 1.151965
352 1.085737
353 1.140218
354 1.140732
355 1.094050
356 1.145612
357 1.130922
358 1.096237
359 1.152976
360 1.128658
361 1.120364
362 1.170466
363 1.107564
364 1.137368
365 1.176778
366 1.104288
367 1.131622
368 1.159095
369 1.100552
370 1.149538
371 1.146939
372 1.103412
373 1.151099
374 1.153899
375 1.097210
376 1.158489
377 1.147194
378 1.098818
379 1.140639
380 1.146960
381 1.118625
382 1.166830
383 1.146410
384 1.119651
385 1.166818
386 1.141207
387 1.129183
388 1.164172
389 1.119264
390 1.142914
391 1.169054
392 1.125958
393 1.144297
394 1.143902
395 1.131493
396 1.136661
397 1.149429
398 1.105895
399 1.152750
400 1.152200
401 1.130837
402 1.170011
403 1.130363
404 1.147294
405 1.160268
406 1.134942
407 1.142934
408 1.170593
409 1.128920
410 1.150376
411 1.158056
412 1.139485
413 1.154827
414 1.140889
415 1.131817
416 1.172780
417 1.140498
418 1.143205
419 1.159556
420 1.138622
421 1.169062
422 1.177812
423 1.127523
424 1.160318
425 1.163139
426 1.135660
427 1.176051
428 1.142651
429 1.137512
430 1.170602
431 1.156124
432 1.151444
433 1.170581
434 1.145821
435 1.140621
436 1.169957
437 1.145180
438 1.143162
439 1.169618
440 1.131753
441 1.173193
442 1.179951
443 1.122485
444 1.174366
445 1.180752
446 1.121434
447 1.182354
448 1.175992
449 1.119349
450 1.192814
451 1.165956
452 1.136085
453 1.200263
454 1.149267
455 1.136151
456 1.195501
457 1.157688
458 1.137507
459 1.187211
460 1.133396
461 1.155025
462 1.218088
463 1.152242
464 1.153720
465 1.194324
466 1.136167
467 1.172522
468 1.197917
469 1.126801
470 1.176788
471 1.189541
472 1.127028
473 1.179601
474 1.182378
475 1.130447
476 1.190844
477 1.165919
478 1.146456
479 1.186349
480 1.171063
481 1.153769
482 1.216061
483 1.150905
484 1.168163
485 1.215743
486 1.140204
487 1.200299
488 1.185817
489 1.126294
490 1.202299
491 1.166240
492 1.158252
493 1.226747
494 1.159103
495 1.156510
496 1.204839
497 1.163359
498 1.181720
499 1.211236
500 1.127399
501 1.199311
502 1.213970
503 1.145627
504 1.217132
505 1.173677
506 1.155822
507 1.229025
508 1.159072
509 1.172563
510 1.223904
511 1.134042
512 1.200697
513 1.202136
514 1.148722
515 1.202485
516 1.185749
517 1.144268
518 1.223534
519 1.187995
520 1.156857
521 1.236667
522 1.166372
523 1.165037
524 1.239094
525 1.135437
526 1.205861
527 1.232644
528 1.146157
529 1.229987
530 1.183167
531 1.159045
532 1.253885
533 1.170190
534 1.175772
535 1.232493
536 1.157405
537 1.208324
538 1.227907
539 1.149230
540 1.204215
541 1.220884
542 1.157707
543 1.248894
544 1.203268
545 1.180114
546 1.226987
547 1.165749
548 1.182494
549 1.253555
550 1.173399
551 1.206719
552 1.213794
553 1.144218
554 1.232152
555 1.211308
556 1.200201
557 1.247030
558 1.160413
559 1.177812
560 1.230967
561 1.184059
562 1.247280
563 1.220097
564 1.151135
565 1.225150
566 1.189500
567 1.226232
568 1.239240
569 1.179228
570 1.217210
571 1.199286
572 1.192729
573 1.260262
574 1.190118
575 1.215935
576 1.212262
577 1.159652
578 1.239645
579 1.213813
580 1.193229
581 1.258869
582 1.196893
583 1.197976
584 1.270288
585 1.179678
586 1.223821
587 1.230412
588 1.180795
589 1.242006
590 1.206653
591 1.196986
592 1.245027
593 1.207646
594 1.201153
595 1.253991
596 1.187548
597 1.234647
598 1.227661
599 1.187162
600 1.278556
601 1.174685
602 1.239162
603 1.242049
604 1.182984
605 1.272600
606 1.193999
607 1.249381
608 1.248628
609 1.222517
610 1.254134
611 1.200585
612 1.212299
613 1.229325
614 1.210610
615 1.235130
616 1.224698
617 1.202846
618 1.254963
619 1.224109
620 1.240892
621 1.264539
622 1.183790
623 1.273400
624 1.218065
625 1.238548
626 1.295950
627 1.184366
628 1.249360
629 1.211147
630 1.219857
631 1.275285
632 1.211310
633 1.235121
634 1.228465
635 1.220135
636 1.272448
637 1.224185
638 1.236193
639 1.229501
640 1.196443
641 1.322158
642 1.237066
643 1.250301
644 1.275443
645 1.178196
646 1.301439
647 1.267393
648 1.234478
649 1.273654
650 1.195753
651 1.278589
652 1.269903
653 1.226824
654 1.260729
655 1.215749
656 1.268214
657 1.281147
658 1.210681
659 1.257983
660 1.204697
661 1.267294
662 1.296683
663 1.220207
664 1.267119
665 1.220760
666 1.239744
667 1.313150
668 1.214130
669 1.265215
670 1.244864
671 1.211245
672 1.323712
673 1.233714
674 1.276548
675 1.256775
676 1.194055
677 1.313113
678 1.244761
679 1.254775
680 1.274612
681 1.213298
682 1.309410
683 1.241560
684 1.266118
685 1.278683
686 1.212341
687 1.292227
688 1.232939
689 1.261310
690 1.295212
691 1.217644
692 1.296680
693 1.243565
694 1.272332
695 1.312431
696 1.210886
697 1.292175
698 1.244463
699 1.268031
700 1.274761
701 1.222627
702 1.308496
703 1.236034
704 1.284179
705 1.286378
706 1.222443
707 1.315516
708 1.260792
709 1.291064
710 1.270253
711 1.237110
712 1.321739
713 1.247473
714 1.282613
715 1.274557
716 1.264130
717 1.309932
718 1.261940
719 1.281410
720 1.276507
721 1.278077
722 1.322225
723 1.246901
724 1.335349
725 1.270247
726 1.263391
727 1.328517
728 1.213194
729 1.345304
730 1.279457
731 1.254185
732 1.310511
733 1.237899
734 1.349190
735 1.274527
736 1.262257
737 1.305464
738 1.267369
739 1.351046
740 1.229537
741 1.294471
742 1.317729
743 1.272929
744 1.348652
745 1.248401
746 1.298812
747 1.326416
748 1.267654
749 1.321427
750 1.227908
751 1.364290
752 1.301727
753 1.272766
754 1.322092
755 1.248299
756 1.367956
757 1.252682
758 1.261107
759 1.346496
760 1.271439
761 1.351986
762 1.272195
763 1.280661
764 1.368581
765 1.280955
766 1.325625
767 1.261139
768 1.360810
769 1.310046
770 1.275921
771 1.357555
772 1.225888
773 1.393805
774 1.305250
775 1.261390
776 1.358935
777 1.261988
778 1.385787
779 1.262063
780 1.326615
781 1.357473
782 1.303357
783 1.396136
784 1.304626
785 1.337206
786 1.338607
787 1.337773
788 1.298767
789 1.321514
790 1.308967
791 1.310023
792 1.375641
793 1.299500
794 1.322763
795 1.331270
796 1.324143
797 1.323091
798 1.341424
799 1.319824
800 1.299283
801 1.365174
802 1.318688
803 1.333060
804 1.363140
805 1.300531
806 1.414363
807 1.304108
808 1.356248
809 1.353788
810 1.323023
811 1.353304
812 1.299245
813 1.352252
814 1.378992
815 1.317584
816 1.302635
817 1.373139
818 1.333581
819 1.366206
820 1.330046
821 1.333513
822 1.409521
823 1.283280
824 1.411997
825 1.318662
826 1.336945
827 1.445985
828 1.305690
829 1.396708
830 1.332410
831 1.366404
832 1.385984
833 1.331729
834 1.394628
835 1.319095
836 1.413098
837 1.367616
838 1.334371
839 1.383201
840 1.336841
841 1.398689
842 1.394665
843 1.380688
844 1.440380
845 1.391142
846 1.405407
847 1.357477
848 1.427795
849 1.366034
850 1.365973
851 1.369207
852 1.419573
853 1.342728
854 1.374877
855 1.397609
856 1.399576
857 1.317257
858 1.385786
859 1.382775
860 1.387436
861 1.386455
862 1.387535
863 1.412419
864 1.424936
865 1.380748
866 1.401802
867 1.399773
868 1.379335
869 1.392523
870 1.414275
871 1.416844
872 1.333245
873 1.405645
874 1.463676
875 1.373955
876 1.382440
877 1.364625
878 1.382983
879 1.409652
880 1.361155
881 1.467071
882 1.348748
883 1.421800
884 1.468851
885 1.420286
886 1.405761
887 1.356506
888 1.465750
889 1.390932
890 1.398157
891 1.433444
892 1.381853
893 1.467732
894 1.375464
895 1.430874
896 1.416210
897 1.473626
898 1.433366
899 1.371680
900 1.481449
901 1.367567
902 1.468543
903 1.427932
904 1.521076
905 1.453184
906 1.391861
907 1.471044
908 1.422539
909 1.533201
910 1.355636
911 1.520269
912 1.374791
913 1.460442
914 1.406931
915 1.386336
916 1.500827
917 1.421247
918 1.418994
919 1.431171
920 1.472984
921 1.514178
922 1.412883
923 1.575354
924 1.414797
925 1.560155
926 1.481267
927 1.494401
928 1.490117
929 1.405568
930 1.477417
931 1.423325
932 1.552550
933 1.421122
934 1.542400
935 1.448644
936 1.523424
937 1.465574
938 1.422073
939 1.507354
940 1.413875
941 1.569457
942 1.522359
943 1.632648
944 1.467542
945 1.551560
946 1.555029
947 1.543911
948 1.599317
949 1.564989
950 1.541146
951 1.444602
952 1.514718
953 1.456650
954 1.453591
955 1.520056
956 1.477346
957 1.555575
958 1.455814
959 1.574244
960 1.452928
961 1.588943
962 1.571205
963 1.652800
964 1.587631
965 1.531359
966 1.616068
967 1.504409
968 1.680004
969 1.605660
970 1.582062
971 1.625009
972 1.575724
973 1.676022
974 1.617626
975 1.672380
976 1.591121
977 1.588647
978 1.651025
979 1.565464
980 1.598321
981 1.621237
982 1.707303
983 1.584017
984 1.695899
985 1.734408
986 1.651307
987 1.765631
988 1.621484
989 1.702592
990 1.718034
991 1.637382
992 1.686661
993 1.769892
994 1.682334
995 1.594653
996 1.746223
997 1.610975
998 1.702155
999 1.656219
1000 1.638677
1001 1.999717
1002 1.979222
1003 1.720940
1004 2.175881
1005 2.435843
1006 2.502057
1007 2.661828
1008 2.777087
1009 2.611196
1010 2.462598
1011 2.415575
1012 2.581629
1013 2.766936
1014 2.620638
1015 2.759833
1016 2.748221
1017 2.800643
1018 2.732252
1019 2.597165
1020 2.761393

