0 3.644075
1 4.083548
2 4.150322
3 4.034858
4 4.360940
5 4.263879
6 4.096503
7 3.860051
8 4.114129
9 4.161004
10 4.075877
11 4.180688
12 3.826292
13 3.854881
14 4.343580
15 4.008909
16 3.964349
17 4.148185
18 4.000754
19 4.200143
20 4.138315
21 1.783995
22 1.762740
23 1.700496
24 2.123569
25 1.637010
26 1.565800
27 1.615010
28 1.611001
29 1.592552
30 1.627834
31 1.517930
32 1.588704
33 1.800530
34 1.529263
35 1.569745
36 1.703157
37 1.685046
38 1.588911
39 1.722913
40 1.727383
41 1.609509
42 1.605877
43 1.524641
44 1.522631
45 1.637056
46 1.523777
47 1.435708
48 1.472929
49 1.449389
50 1.505224
51 1.561924
52 1.536147
53 1.495206
54 1.564014
55 1.531544
56 1.618244
57 1.547778
58 1.531206
59 1.598410
60 1.447635
61 1.540123
62 1.512581
63 1.441887
64 1.469713
65 1.472245
66 1.518890
67 1.449560
68 1.486334
69 1.431151
70 1.399608
71 1.438778
72 1.370907
73 1.373523
74 1.394541
75 1.399898
76 1.428212
77 1.449097
78 1.379720
79 1.488862
80 1.440075
81 1.369422
82 1.448156
83 1.415421
84 1.376813
85 1.434771
86 1.314063
87 1.432122
88 1.377878
89 1.443115
90 1.474473
91 1.404113
92 1.419644
93 1.381618
94 1.330848
95 1.367479
96 1.425786
97 1.499768
98 1.422969
99 1.475150
100 1.448133
101 1.300294
102 1.378264
103 1.320051
104 1.364709
105 1.432248
106 1.369820
107 1.388019
108 1.305480
109 1.368881
110 1.322446
111 1.400659
112 1.439506
113 1.363339
114 1.343799
115 1.323389
116 1.364641
117 1.432126
118 1.374297
119 1.417439
120 1.339624
121 1.362720
122 1.271142
123 1.373126
124 1.330166
125 1.320083
126 1.403324
127 1.323560
128 1.318584
129 1.391120
130 1.360916
131 1.350375
132 1.335455
133 1.351803
134 1.274795
135 1.340436
136 1.434689
137 1.294388
138 1.324300
139 1.335588
140 1.308237
141 1.368319
142 1.321656
143 1.285819
144 1.346655
145 1.221592
146 1.365243
147 1.289625
148 1.314091
149 1.362783
150 1.286009
151 1.362054
152 1.307604
153 1.297747
154 1.323664
155 1.356624
156 1.291836
157 1.330166
158 1.349962
159 1.359728
160 1.307487
161 1.298314
162 1.297711
163 1.274809
164 1.350579
165 1.307486
166 1.295951
167 1.243218
168 1.351135
169 1.302227
170 1.289159
171 1.289764
172 1.321357
173 1.268317
174 1.339557
175 1.296599
176 1.296656
177 1.257031
178 1.295223
179 1.326865
180 1.324805
181 1.249459
182 1.268029
183 1.269792
184 1.296487
185 1.309830
186 1.260988
187 1.295635
188 1.227068
189 1.324418
190 1.260043
191 1.300488
192 1.248583
193 1.290928
194 1.281350
195 1.361969
196 1.251209
197 1.317895
198 1.263155
199 1.271425
200 1.316451
201 1.240949
202 1.271998
203 1.300076
204 1.215672
205 1.309371
206 1.259109
207 1.222409
208 1.297279
209 1.294240
210 1.260791
211 1.272888
212 1.296782
213 1.218816
214 1.290238
215 1.246872
216 1.275136
217 1.308185
218 1.238393
219 1.280354
220 1.287803
221 1.216891
222 1.254270
223 1.276759
224 1.210786
225 1.299326
226 1.290433
227 1.232966
228 1.240060
229 1.242370
230 1.255770
231 1.273974
232 1.258661
233 1.249099
234 1.268395
235 1.291378
236 1.225455
237 1.279576
238 1.271319
239 1.223683
240 1.230863
241 1.245345
242 1.231380
243 1.221826
244 1.283848
245 1.191455
246 1.277613
247 1.220818
248 1.238148
249 1.263861
250 1.196445
251 1.245358
252 1.239652
253 1.242736
254 1.221143
255 1.290040
256 1.204831
257 1.276785
258 1.282877
259 1.200675
260 1.258367
261 1.268907
262 1.196866
263 1.257598
264 1.262243
265 1.202662
266 1.211825
267 1.275636
268 1.210108
269 1.239943
270 1.254676
271 1.187718
272 1.277832
273 1.196872
274 1.197570
275 1.258690
276 1.192987
277 1.238889
278 1.220222
279 1.201587
280 1.230596
281 1.239234
282 1.180639
283 1.201848
284 1.273065
285 1.177574
286 1.220126
287 1.234938
288 1.180728
289 1.237356
290 1.211153
291 1.205780
292 1.247138
293 1.192518
294 1.207153
295 1.245442
296 1.195896
297 1.192830
298 1.243312
299 1.232239
300 1.174574
301 1.197928
302 1.188165
303 1.224115
304 1.190849
305 1.167190
306 1.247473
307 1.178387
308 1.189409
309 1.238229
310 1.174852
311 1.236740
312 1.218502
313 1.187938
314 1.206142
315 1.204365
316 1.220265
317 1.214799
318 1.243063
319 1.186776
320 1.223394
321 1.201649
322 1.153224
323 1.268005
324 1.199373
325 1.176233
326 1.239558
327 1.156129
328 1.179531
329 1.273256
330 1.161150
331 1.208006
332 1.253419
333 1.148340
334 1.212822
335 1.231962
336 1.186808
337 1.232163
338 1.232637
339 1.179879
340 1.194030
341 1.189579
342 1.167893
343 1.225473
344 1.180708
345 1.146038
346 1.227139
347 1.186413
348 1.155352
349 1.220998
350 1.166085
351 1.167512
352 1.240645
353 1.139415
354 1.165283
355 1.234275
356 1.174082
357 1.209079
358 1.220334
359 1.158766
360 1.198104
361 1.209105
362 1.172990
363 1.197928
364 1.184968
365 1.182110
366 1.219537
367 1.152771
368 1.179612
369 1.220699
370 1.196437
371 1.154532
372 1.208328
373 1.156455
374 1.159916
375 1.195879
376 1.146923
377 1.192323
378 1.198550
379 1.120823
380 1.163877
381 1.201916
382 1.148470
383 1.162980
384 1.195748
385 1.148064
386 1.208562
387 1.207361
388 1.145764
389 1.187239
390 1.191656
391 1.169661
392 1.232621
393 1.171057
394 1.146857
395 1.215333
396 1.158651
397 1.166964
398 1.164494
399 1.152438
400 1.179045
401 1.168847
402 1.148421
403 1.158040
404 1.173982
405 1.146322
406 1.174289
407 1.166046
408 1.184400
409 1.162164
410 1.185110
411 1.158938
412 1.189295
413 1.154505
414 1.148777
415 1.168918
416 1.168104
417 1.174444
418 1.159291
419 1.162554
420 1.169845
421 1.159633
422 1.153306
423 1.161470
424 1.135049
425 1.140701
426 1.185079
427 1.159069
428 1.134539
429 1.175441
430 1.151263
431 1.169054
432 1.190147
433 1.132594
434 1.163074
435 1.162838
436 1.115135
437 1.193980
438 1.150196
439 1.121703
440 1.182202
441 1.153190
442 1.133577
443 1.167413
444 1.131645
445 1.139304
446 1.173246
447 1.135531
448 1.134088
449 1.166125
450 1.133223
451 1.140287
452 1.180462
453 1.134921
454 1.134186
455 1.173383
456 1.120503
457 1.156679
458 1.177700
459 1.111505
460 1.144487
461 1.158753
462 1.130187
463 1.183960
464 1.131907
465 1.107672
466 1.167993
467 1.154610
468 1.113473
469 1.157587
470 1.132543
471 1.121022
472 1.176809
473 1.108992
474 1.139160
475 1.164367
476 1.126790
477 1.125864
478 1.176487
479 1.103488
480 1.161364
481 1.147298
482 1.120359
483 1.164189
484 1.138920
485 1.121075
486 1.162710
487 1.140384
488 1.113367
489 1.146766
490 1.105200
491 1.139762
492 1.162511
493 1.124709
494 1.142146
495 1.151332
496 1.089280
497 1.190399
498 1.145385
499 1.115102
500 1.153979
501 1.087325
502 1.134926
503 1.170530
504 1.088902
505 1.133228
506 1.162603
507 1.077471
508 1.172754
509 1.126169
510 1.093024
511 1.159748
512 1.114180
513 1.103945
514 1.174825
515 1.093167
516 1.109828
517 1.167517
518 1.087460
519 1.158085
520 1.145104
521 1.066947
522 1.164125
523 1.103625
524 1.093992
525 1.144572
526 1.106082
527 1.103476
528 1.164531
529 1.092577
530 1.115513
531 1.162267
532 1.088214
533 1.145844
534 1.135074
535 1.078116
536 1.160138
537 1.136118
538 1.087541
539 1.167548
540 1.084865
541 1.093847
542 1.162040
543 1.097798
544 1.127686
545 1.153840
546 1.056476
547 1.132407
548 1.115457
549 1.094017
550 1.161149
551 1.096544
552 1.076425
553 1.145199
554 1.070812
555 1.136346
556 1.171024
557 1.075421
558 1.132932
559 1.090549
560 1.082771
561 1.160453
562 1.099399
563 1.111376
564 1.117924
565 1.045494
566 1.141673
567 1.139050
568 1.080505
569 1.165410
570 1.054184
571 1.112242
572 1.131086
573 1.089986
574 1.142891
575 1.109584
576 1.061917
577 1.127595
578 1.089930
579 1.106115
580 1.151656
581 1.056268
582 1.133933
583 1.097501
584 1.085053
585 1.151745
586 1.068112
587 1.102382
588 1.129764
589 1.061961
590 1.115220
591 1.123572
592 1.063245
593 1.151840
594 1.089514
595 1.081543
596 1.156920
597 1.063834
598 1.112483
599 1.126395
600 1.067472
601 1.122642
602 1.074348
603 1.102467
604 1.119512
605 1.069339
606 1.129662
607 1.092430
608 1.103831
609 1.139071
610 1.060104
611 1.125606
612 1.074356
613 1.070467
614 1.127466
615 1.067352
616 1.100579
617 1.113083
618 1.057904
619 1.152787
620 1.085461
621 1.080863
622 1.115257
623 1.057047
624 1.119638
625 1.102744
626 1.095165
627 1.110859
628 1.052089
629 1.093417
630 1.103848
631 1.084495
632 1.114454
633 1.073044
634 1.075571
635 1.118620
636 1.075733
637 1.107215
638 1.095830
639 1.041293
640 1.124523
641 1.065827
642 1.106564
643 1.106793
644 1.047954
645 1.116069
646 1.066585
647 1.125333
648 1.100104
649 1.052225
650 1.115292
651 1.071463
652 1.097242
653 1.120449
654 1.034857
655 1.112661
656 1.091299
657 1.076764
658 1.130552
659 1.029879
660 1.099332
661 1.083007
662 1.057194
663 1.127681
664 1.024156
665 1.079017
666 1.090944
667 1.060454
668 1.120194
669 1.048086
670 1.063284
671 1.108117
672 1.050825
673 1.127506
674 1.064101
675 1.058374
676 1.099544
677 1.046909
678 1.116694
679 1.074333
680 1.056415
681 1.103483
682 1.032956
683 1.113944
684 1.064846
685 1.046466
686 1.109047
687 1.022186
688 1.100199
689 1.070170
690 1.053971
691 1.108869
692 1.038501
693 1.087539
694 1.088244
695 1.052215
696 1.111240
697 1.021897
698 1.107408
699 1.072217
700 1.051830
701 1.088287
702 1.027926
703 1.090929
704 1.058363
705 1.053452
706 1.084843
707 1.037730
708 1.097173
709 1.069884
710 1.035795
711 1.103826
712 1.028406
713 1.097622
714 1.060355
715 1.049189
716 1.109085
717 1.033488
718 1.103372
719 1.061593
720 1.052476
721 1.099592
722 1.019073
723 1.105520
724 1.040582
725 1.066392
726 1.075332
727 1.023280
728 1.098320
729 1.030189
730 1.081626
731 1.056801
732 1.028422
733 1.099170
734 1.033071
735 1.072346
736 1.071578
737 1.013276
738 1.120081
739 1.029929
740 1.067819
741 1.051788
742 1.029146
743 1.107955
744 1.007687
745 1.088030
746 1.042559
747 1.043208
748 1.105423
749 0.992064
750 1.091488
751 1.038437
752 1.057353
753 1.079067
754 1.005504
755 1.108076
756 1.020838
757 1.070547
758 1.050935
759 1.032483
760 1.110471
761 0.996347
762 1.077001
763 1.046944
764 1.023442
765 1.112272
766 0.977471
767 1.096987
768 1.040560
769 1.030734
770 1.086309
771 0.993983
772 1.094720
773 1.017012
774 1.061599
775 1.058741
776 1.007288
777 1.104259
778 1.015301
779 1.072884
780 1.035168
781 1.031481
782 1.083150
783 1.018388
784 1.073351
785 1.017127
786 1.056873
787 1.043669
788 1.036261
789 1.045303
790 1.039988
791 1.052414
792 1.034173
793 1.069703
794 1.013811
795 1.067536
796 1.053730
797 1.016912
798 1.087656
799 1.008336
800 1.063765
801 1.026903
802 1.022886
803 1.063314
804 1.014164
805 1.061713
806 1.031007
807 1.045859
808 1.033159
809 1.027311
810 1.042127
811 1.020924
812 1.045395
813 1.012549
814 1.070019
815 1.007776
816 1.046685
817 1.031303
818 1.035184
819 1.056119
820 1.005812
821 1.046553
822 1.016313
823 1.038890
824 1.027758
825 1.023513
826 1.043097
827 1.032356
828 1.038201
829 1.013412
830 1.043788
831 1.026923
832 1.032347
833 1.036598
834 1.017428
835 1.044600
836 1.015751
837 1.047951
838 1.014371
839 1.033418
840 1.030775
841 1.016428
842 1.052206
843 1.004243
844 1.052486
845 1.010978
846 1.020021
847 1.039785
848 1.001546
849 1.057660
850 0.982357
851 1.047422
852 1.014626
853 1.024886
854 1.019811
855 1.025233
856 1.035151
857 1.017243
858 1.002083
859 1.053359
860 0.989873
861 1.030501
862 1.010344
863 1.016801
864 1.031134
865 1.000382
866 1.033891
867 1.005133
868 1.029864
869 1.009405
870 1.032686
871 1.006824
872 1.017868
873 1.015695
874 1.017982
875 1.031704
876 0.997776
877 1.024028
878 1.015429
879 0.999886
880 1.033431
881 0.976754
882 1.024845
883 1.001483
884 0.996097
885 1.034757
886 0.974895
887 1.051083
888 0.960101
889 1.041718
890 0.997816
891 0.999820
892 1.045398
893 0.961722
894 1.053050
895 0.979226
896 1.038166
897 0.996031
898 1.018133
899 1.033005
900 0.962142
901 1.047974
902 0.952788
903 1.050225
904 0.982433
905 1.014181
906 1.017055
907 0.966385
908 1.051029
909 0.955916
910 1.052603
911 0.958869
912 1.030733
913 0.997083
914 0.973983
915 1.048892
916 0.952853
917 1.059364
918 0.953272
919 1.035484
920 0.987721
921 0.996285
922 1.012956
923 0.969717
924 1.043050
925 0.941984
926 1.046346
927 0.963785
928 1.014315
929 0.994206
930 0.976879
931 1.025014
932 0.967989
933 1.036028
934 0.958110
935 1.031699
936 0.977942
937 0.996403
938 1.011165
939 0.968974
940 1.033034
941 0.935773
942 1.046857
943 0.949183
944 1.019323
945 0.972203
946 0.991447
947 1.005905
948 0.961279
949 1.034305
950 0.940761
951 1.036592
952 0.938728
953 1.031230
954 0.961393
955 0.999619
956 1.000726
957 0.965110
958 1.030242
959 0.939795
960 1.039719
961 0.946275
962 1.002337
963 0.977669
964 0.956569
965 1.030010
966 0.923282
967 1.036303
968 0.918130
969 1.037073
970 0.973161
971 0.962937
972 1.010364
973 0.921285
974 1.046466
975 0.931235
976 1.007609
977 0.962130
978 0.975019
979 1.012454
980 0.954042
981 1.007268
982 0.928595
983 1.006423
984 0.934209
985 0.967702
986 0.982553
987 0.941645
988 1.016995
989 0.920078
990 1.011429
991 0.935377
992 0.989211
993 0.969852
994 0.946045
995 1.009869
996 0.917115
997 1.018370
998 0.923478
999 1.011453
1000 0.939368
1001 0.955314
1002 0.981937
1003 0.918002
1004 0.992433
1005 0.917278
1006 0.978437
1007 0.937532
1008 0.958710
1009 0.967979
1010 0.915888
1011 0.996330
1012 0.915191
1013 0.994755
1014 0.924196
1015 0.981089
1016 0.943572
1017 0.982864
1018 0.948426
1019 0.971078
1020 0.962510

