#Res            first
   1.000       9.2019
   2.000       9.0091
   3.000       7.2801
   4.000       7.0447
   5.000       5.9313
   6.000       5.6603
   7.000       6.3195
   8.000       5.8409
   9.000       6.9792
  10.000       8.1806
  11.000       9.0470
  12.000       8.1249
  13.000       8.9372
  14.000       8.5183
  15.000       7.4291
  16.000       6.0920
  17.000       7.1265
  18.000       7.8931
  19.000       6.8642
  20.000       6.5214
  21.000       6.1213
  22.000       6.6893
  23.000       5.8996
  24.000       5.7766
  25.000       7.0694
  26.000       8.0480
  27.000       8.7477
  28.000       8.2659
  29.000       7.8014
  30.000       7.1388
  31.000       7.4612
  32.000       6.5037
  33.000       7.9318
  34.000       7.9683
  35.000       7.0835
  36.000       8.0387
  37.000       8.9725
  38.000       7.6399
  39.000       6.3942
  40.000       4.6493
  41.000       3.1006
  42.000       1.5983
  43.000       0.4732
  44.000       1.9704
  45.000       3.1986
  46.000       4.8750
  47.000       6.0174
  48.000       7.2639
  49.000       6.4928
  50.000       7.2773
  51.000       5.9269
  52.000       5.7067
  53.000       6.3408
  54.000       4.8532
  55.000       4.2657
  56.000       5.2929
  57.000       5.2416
  58.000       3.8888
  59.000       4.9184
  60.000       6.1209
  61.000       5.3408
  62.000       5.1977
  63.000       6.8074
  64.000       7.5102
  65.000       6.9068
  66.000       7.5349
  67.000       8.8093
  68.000       8.5982
  69.000       7.9421
  70.000       6.4166
  71.000       5.0323
  72.000       3.4509
  73.000       2.6465
  74.000       2.0331
  75.000       2.7895
  76.000       3.9902
  77.000       4.7496
  78.000       6.4116
  79.000       6.6277
  80.000       6.6855
  81.000       8.0452
  82.000       8.3043
  83.000       7.0987
  84.000       6.7686
  85.000       8.2864
  86.000       8.3870
  87.000       8.3027
  88.000       7.1943
  89.000       8.0893
  90.000       8.2528
  91.000       6.6405
  92.000       6.5756
  93.000       7.9053
  94.000       7.4060
  95.000       6.4969
  96.000       7.5401
  97.000       8.6308
  98.000       8.2342
  99.000       6.8584
 100.000       6.3527
 101.000       8.1764
 102.000       8.4275
 103.000       8.2160
 104.000       7.4993
 105.000       6.1465
 106.000       5.1930
 107.000       5.4178
 108.000       4.1806
 109.000       4.0721
 110.000       3.8238
 111.000       4.4574
 112.000       5.5556
 113.000       5.5303
 114.000       5.6567
 115.000       5.6805
 116.000       4.5100
 117.000       5.7501
 118.000       7.4775
 119.000       8.6333
 120.000       7.9733
 121.000       6.1727
 122.000       5.5329
 123.000       5.8322
 124.000       4.6769
 125.000       3.8350
 126.000       5.1658
 127.000       5.1393
 128.000       3.8495
 129.000       4.2933
 130.000       5.4849
 131.000       5.2994
 132.000       4.6652
 133.000       5.7041
 134.000       6.0625
 135.000       6.4789
 136.000       7.0343
 137.000       7.5769
 138.000       7.3354
 139.000       6.8165
 140.000       7.3017
 141.000       8.8815
 142.000       9.6356
 143.000      10.5270
 144.000       9.0101
 145.000       8.1554
 146.000       8.5183
 147.000       8.1816
 148.000       9.1569
 149.000       9.1606
 150.000       8.1143
 151.000       7.3770
 152.000       7.0413
 153.000       5.7669
 154.000       5.3344
 155.000       4.1281
 156.000       5.0259
 157.000       4.8492
 158.000       3.9980
 159.000       3.0193
 160.000       2.4567
 161.000       1.9630
 162.000       2.4316
 163.000       3.8422
 164.000       4.9653
 165.000       6.8264
 166.000       8.4026
 167.000       8.8339
 168.000       7.1496
 169.000       6.5805
 170.000       5.1861
 171.000       5.7887
 172.000       4.9101
 173.000       3.7362
 174.000       4.0114
 175.000       4.2744
 176.000       4.2748
 177.000       5.7751
 178.000       5.6225
 179.000       5.9635
 180.000       5.1642
 181.000       6.8016
 182.000       6.6671
 183.000       5.3205
 184.000       6.2570
 185.000       7.6478
 186.000       7.1384
 187.000       6.6834
 188.000       8.1202
 189.000       8.9687
 190.000       8.3092
 191.000       8.8127
 192.000      10.4196
 193.000      10.5709
 194.000      10.5357
 195.000      12.0319
 196.000      12.8590
 197.000      14.2100
