0 4.236345
1 3.064107
2 3.320150
3 3.389002
4 2.839298
5 2.777101
6 2.911005
7 2.803246
8 2.939073
9 3.566653
10 3.533772
11 3.191485
12 2.782625
13 2.643867
14 3.036365
15 3.153185
16 3.153762
17 3.264344
18 3.353372
19 3.272005
20 3.000572
21 1.633524
22 2.405804
23 1.895190
24 2.096976
25 1.538203
26 2.117763
27 1.511927
28 1.684446
29 1.726190
30 1.383098
31 1.584640
32 1.729622
33 1.417258
34 1.704286
35 1.485239
36 1.521385
37 1.706021
38 1.471081
39 1.525831
40 1.522541
41 1.412914
42 1.589022
43 1.495188
44 1.466548
45 1.536019
46 1.347612
47 1.399950
48 1.468769
49 1.411468
50 1.334630
51 1.590681
52 1.508207
53 1.430333
54 1.553460
55 1.402219
56 1.363131
57 1.448365
58 1.515628
59 1.499213
60 1.407205
61 1.485547
62 1.435520
63 1.458486
64 1.392708
65 1.345684
66 1.486524
67 1.539698
68 1.461386
69 1.352595
70 1.389938
71 1.406241
72 1.324779
73 1.422429
74 1.500675
75 1.434854
76 1.344503
77 1.433419
78 1.441962
79 1.491250
80 1.324801
81 1.350675
82 1.375559
83 1.334027
84 1.301642
85 1.336590
86 1.412172
87 1.407993
88 1.367270
89 1.327340
90 1.356228
91 1.363106
92 1.394249
93 1.381887
94 1.366504
95 1.394510
96 1.350409
97 1.423766
98 1.471577
99 1.364823
100 1.354346
101 1.384565
102 1.401581
103 1.392673
104 1.444030
105 1.443654
106 1.376060
107 1.399914
108 1.447612
109 1.350501
110 1.342092
111 1.393755
112 1.390965
113 1.393342
114 1.390647
115 1.385629
116 1.321375
117 1.347994
118 1.312869
119 1.323683
120 1.322088
121 1.272459
122 1.279496
123 1.260319
124 1.277072
125 1.281749
126 1.177819
127 1.179352
128 1.214768
129 1.235842
130 1.278086
131 1.293436
132 1.362856
133 1.386703
134 1.356813
135 1.230408
136 1.246487
137 1.227303
138 1.273626
139 1.248933
140 1.261239
141 1.302797
142 1.277057
143 1.298854
144 1.292647
145 1.245009
146 1.202698
147 1.215430
148 1.215674
149 1.216061
150 1.236281
151 1.296425
152 1.330406
153 1.266733
154 1.281642
155 1.252008
156 1.230824
157 1.240995
158 1.206870
159 1.213839
160 1.282863
161 1.300585
162 1.260656
163 1.193704
164 1.160771
165 1.133042
166 1.196342
167 1.248632
168 1.276093
169 1.258924
170 1.206735
171 1.237626
172 1.275541
173 1.272018
174 1.255981
175 1.245423
176 1.215566
177 1.175573
178 1.148866
179 1.180199
180 1.259857
181 1.274636
182 1.259220
183 1.221921
184 1.171678
185 1.131510
186 1.178467
187 1.201209
188 1.242571
189 1.252826
190 1.271822
191 1.259962
192 1.201345
193 1.194595
194 1.189511
195 1.160314
196 1.163616
197 1.114870
198 1.112148
199 1.207419
200 1.286823
201 1.312670
202 1.318115
203 1.255091
204 1.242916
205 1.216912
206 1.217363
207 1.157637
208 1.104569
209 1.115922
210 1.148597
211 1.126345
212 1.141633
213 1.118766
214 1.118091
215 1.141237
216 1.186747
217 1.246265
218 1.289338
219 1.255160
220 1.279698
221 1.264227
222 1.247024
223 1.216656
224 1.118406
225 1.105822
226 1.084347
227 1.085506
228 1.121852
229 1.077245
230 1.075296
231 1.078941
232 1.087174
233 1.102008
234 1.157786
235 1.206782
236 1.220783
237 1.205643
238 1.173201
239 1.134653
240 1.154379
241 1.187255
242 1.235368
243 1.255728
244 1.200052
245 1.225727
246 1.205275
247 1.235573
248 1.209198
249 1.185870
250 1.156322
251 1.176193
252 1.161912
253 1.192289
254 1.149197
255 1.140867
256 1.177376
257 1.204738
258 1.213251
259 1.164982
260 1.157186
261 1.107610
262 1.102604
263 1.071643
264 1.094859
265 1.120457
266 1.159914
267 1.151930
268 1.178828
269 1.177628
270 1.168601
271 1.165017
272 1.145792
273 1.153632
274 1.154318
275 1.118812
276 1.116634
277 1.098087
278 1.137307
279 1.151282
280 1.169705
281 1.171757
282 1.160882
283 1.127071
284 1.135516
285 1.141260
286 1.155228
287 1.155200
288 1.142530
289 1.152591
290 1.108258
291 1.069201
292 1.090635
293 1.105037
294 1.126236
295 1.144079
296 1.133210
297 1.188738
298 1.150551
299 1.166470
300 1.145171
301 1.125470
302 1.091544
303 1.098724
304 1.101833
305 1.114311
306 1.117374
307 1.122428
308 1.112338
309 1.098935
310 1.060438
311 1.103222
312 1.172126
313 1.176822
314 1.136557
315 1.088762
316 1.085241
317 1.133001
318 1.213558
319 1.233983
320 1.192709
321 1.064655
322 0.989063
323 1.110875
324 1.223767
325 1.145876
326 1.076263
327 1.012465
328 1.131586
329 1.150987
330 1.214415
331 1.120089
332 1.026616
333 1.011286
334 1.097426
335 1.179973
336 1.177553
337 1.051073
338 1.031263
339 1.120156
340 1.199433
341 1.099998
342 1.047367
343 1.115779
344 1.161397
345 1.074979
346 0.989774
347 1.093695
348 1.216206
349 1.015876
350 1.013908
351 1.158249
352 1.160240
353 1.134613
354 1.008004
355 1.115972
356 1.201093
357 1.014836
358 1.020301
359 1.121341
360 1.189565
361 1.027273
362 1.058133
363 1.139784
364 1.165294
365 1.012861
366 1.075495
367 1.145908
368 1.084832
369 1.015331
370 1.149748
371 1.103156
372 1.050381
373 1.040207
374 1.200451
375 1.024682
376 1.103297
377 1.125177
378 1.132488
379 1.000576
380 1.179544
381 1.033507
382 1.076393
383 1.100056
384 1.058789
385 1.076517
386 1.139338
387 1.011573
388 1.168967
389 0.998584
390 1.143949
391 1.054794
392 1.094152
393 1.118398
394 1.050820
395 1.097696
396 1.121146
397 1.029398
398 1.130492
399 1.026961
400 1.108849
401 1.109030
402 1.023369
403 1.134185
404 1.030655
405 1.081211
406 1.119133
407 1.028431
408 1.142381
409 1.016037
410 1.104164
411 1.088449
412 1.048153
413 1.132650
414 1.046407
415 1.081420
416 1.091066
417 1.042700
418 1.100849
419 1.078036
420 1.085238
421 1.060805
422 1.068874
423 1.070106
424 1.052272
425 1.113236
426 1.053395
427 1.087858
428 1.070553
429 1.035737
430 1.117184
431 1.044805
432 1.080501
433 1.073112
434 1.068314
435 1.051141
436 1.094079
437 1.058044
438 1.109757
439 1.040204
440 1.082446
441 1.072368
442 1.060044
443 1.065932
444 1.070587
445 1.056620
446 1.048121
447 1.088893
448 1.060142
449 1.060338
450 1.076851
451 1.073405
452 1.070163
453 1.066405
454 1.063289
455 1.069796
456 1.070103
457 1.071649
458 1.068148
459 1.057330
460 1.065473
461 1.064659
462 1.061561
463 1.059413
464 1.052158
465 1.072847
466 1.062858
467 1.061888
468 1.073332
469 1.053691
470 1.054808
471 1.062564
472 1.090916
473 1.042735
474 1.044184
475 1.076473
476 1.081130
477 1.033605
478 1.055246
479 1.081638
480 1.066322
481 1.038846
482 1.029517
483 1.068631
484 1.085289
485 1.051614
486 1.033065
487 1.050594
488 1.072124
489 1.090692
490 1.053957
491 1.024014
492 1.028969
493 1.077140
494 1.069694
495 1.066202
496 1.038934
497 1.039672
498 1.060117
499 1.078092
500 1.060976
501 1.038350
502 1.018301
503 1.019107
504 1.039127
505 1.054253
506 1.086550
507 1.091782
508 1.065175
509 1.035602
510 1.022240
511 1.018624
512 1.012574
513 1.044491
514 1.072560
515 1.081148
516 1.089866
517 1.075866
518 1.074876
519 1.033141
520 1.009614
521 1.017378
522 1.006483
523 1.013093
524 1.014774
525 1.022089
526 1.023759
527 1.042696
528 1.053172
529 1.054733
530 1.076186
531 1.076039
532 1.081499
533 1.082253
534 1.080052
535 1.079976
536 1.063304
537 1.057138
538 1.056531
539 1.034199
540 1.023883
541 1.040114
542 1.050103
543 1.045298
544 1.055604
545 1.069666
546 1.047106
547 1.078064
548 1.075965
549 1.071270
550 1.069515
551 1.077114
552 1.051603
553 1.053604
554 1.037792
555 1.027727
556 1.030108
557 1.015485
558 1.016038
559 1.023339
560 1.044519
561 1.026016
562 1.032167
563 1.028868
564 1.016672
565 1.024470
566 1.032773
567 1.050506
568 1.063217
569 1.065583
570 1.058130
571 1.037171
572 1.042910
573 1.030348
574 1.005311
575 1.009840
576 1.025568
577 1.032128
578 1.040317
579 1.058917
580 1.041156
581 1.029801
582 1.030736
583 1.013369
584 1.022671
585 1.052270
586 1.057306
587 1.036318
588 1.024602
589 1.007965
590 1.017785
591 1.045236
592 1.048876
593 1.058087
594 1.038613
595 1.011030
596 1.017478
597 1.031995
598 1.039211
599 1.045816
600 1.041484
601 1.007586
602 1.025731
603 1.055952
604 1.038981
605 1.009224
606 1.016755
607 1.036708
608 1.042311
609 1.027870
610 1.006695
611 1.017438
612 1.056712
613 1.055282
614 1.001558
615 1.010988
616 1.028651
617 1.050655
618 1.056449
619 1.017259
620 1.002537
621 1.049532
622 1.018935
623 1.004579
624 1.034793
625 1.047611
626 1.014348
627 1.008993
628 1.026099
629 1.035224
630 1.015993
631 1.014718
632 1.050099
633 1.030972
634 1.008712
635 1.034848
636 1.043299
637 1.004397
638 1.019378
639 1.057844
640 1.024252
641 0.995795
642 1.041956
643 1.014925
644 1.017317
645 1.053039
646 0.995388
647 1.024768
648 1.054144
649 0.994596
650 1.034125
651 1.036611
652 1.003952
653 1.037251
654 1.039388
655 0.996088
656 1.033041
657 1.041448
658 1.005111
659 1.020000
660 1.045927
661 1.008121
662 1.023810
663 1.013382
664 1.035569
665 1.006492
666 1.030477
667 1.023100
668 0.995219
669 1.049337
670 1.005424
671 1.049049
672 0.991771
673 1.014223
674 1.035541
675 1.007778
676 1.033979
677 1.002213
678 1.046296
679 1.020008
680 1.002240
681 1.024930
682 1.024299
683 1.016438
684 1.017723
685 1.020453
686 1.015844
687 1.015340
688 1.017106
689 1.022568
690 1.043118
691 1.011547
692 1.011109
693 1.017422
694 1.009458
695 1.030182
696 1.001351
697 1.025247
698 1.033901
699 1.026542
700 1.007514
701 1.008258
702 1.012437
703 1.020954
704 0.990075
705 1.021267
706 1.032244
707 1.034846
708 1.000025
709 1.019311
710 0.995882
711 1.044249
712 0.994146
713 1.030113
714 1.019209
715 1.033952
716 0.980604
717 1.017381
718 0.978922
719 1.046580
720 1.009437
721 0.980545
722 1.049861
723 0.985812
724 1.013439
725 1.036672
726 0.975363
727 1.037150
728 1.006059
729 0.987532
730 1.048683
731 0.987160
732 1.014145
733 1.025773
734 1.012497
735 1.047687
736 0.973306
737 1.034095
738 1.012101
739 0.976858
740 1.018013
741 0.968926
742 1.018727
743 1.049434
744 0.984106
745 1.024765
746 1.054994
747 1.007614
748 1.051348
749 1.004431
750 0.980573
751 1.052433
752 1.012676
753 0.947353
754 1.025453
755 1.043756
756 0.982744
757 1.004153
758 1.029709
759 0.996758
760 1.021901
761 1.012106
762 0.982387
763 0.999250
764 1.012903
765 1.009762
766 0.998746
767 0.986178
768 1.002835
769 1.025210
770 1.020196
771 0.970731
772 0.990987
773 1.046641
774 1.044080
775 0.970050
776 0.980650
777 1.020743
778 1.003004
779 0.998439
780 1.008386
781 1.013645
782 1.020201
783 0.998203
784 0.984758
785 0.977733
786 0.998436
787 1.027480
788 1.028383
789 1.009558
790 0.993298
791 1.012096
792 1.005272
793 0.982915
794 0.981027
795 0.966474
796 1.008510
797 1.039147
798 1.031795
799 1.011663
800 0.992952
801 0.984990
802 1.002671
803 1.007618
804 1.007346
805 0.985518
806 0.992753
807 0.987314
808 0.990208
809 0.999900
810 1.010722
811 1.015220
812 1.019248
813 1.019131
814 0.997745
815 1.001460
816 0.997309
817 0.998495
818 0.986241
819 0.994469
820 0.987722
821 0.984187
822 0.973457
823 0.985916
824 0.988185
825 0.996253
826 0.985648
827 0.994990
828 0.991498
829 1.011383
830 1.006196
831 1.010336
832 0.993028
833 1.005022
834 0.994443
835 0.996645
836 0.989696
837 0.973190
838 0.987176
839 0.975901
840 0.988997
841 0.977830
842 0.986075
843 0.972267
844 0.977553
845 0.968468
846 0.980997
847 0.991981
848 1.015360
849 1.027364
850 1.028469
851 1.023256
852 1.014124
853 0.989006
854 0.965259
855 0.959452
856 0.949984
857 0.956208
858 0.990227
859 1.014595
860 1.038611
861 1.045368
862 1.031597
863 0.987911
864 0.960126
865 0.951092
866 0.962640
867 0.998323
868 1.021818
869 1.040774
870 1.012441
871 0.986678
872 0.964709
873 0.957810
874 0.965486
875 0.996953
876 1.014541
877 1.026977
878 1.025316
879 1.013992
880 0.990631
881 0.990338
882 0.997308
883 0.992082
884 0.978839
885 0.969631
886 0.978261
887 0.983913
888 0.971147
889 0.994870
890 0.984452
891 0.973827
892 0.971645
893 1.010857
894 1.020800
895 1.024777
896 0.987958
897 0.994256
898 0.992614
899 1.029269
900 1.015470
901 0.998640
902 0.994406
903 1.021509
904 1.002755
905 0.989791
906 0.986547
907 0.987149
908 0.980649
909 0.973785
910 0.984195
911 1.001136
912 0.985372
913 0.964433
914 0.975133
915 1.014305
916 1.008255
917 0.978644
918 0.978220
919 1.001419
920 0.997867
921 0.980899
922 0.998156
923 1.020034
924 0.990392
925 0.971196
926 1.003926
927 1.004769
928 0.982870
929 0.975823
930 1.008752
931 0.994464
932 0.985540
933 0.995812
934 0.998030
935 0.980442
936 0.993570
937 1.002150
938 0.985755
939 0.980770
940 0.998208
941 0.987012
942 0.970634
943 1.003007
944 1.007700
945 0.968882
946 1.007716
947 0.979398
948 0.965904
949 1.005037
950 0.974193
951 0.973824
952 1.003745
953 0.979051
954 0.971317
955 1.010021
956 0.978676
957 0.982743
958 1.016160
959 0.987689
960 0.978452
961 1.007439
962 0.975028
963 0.990628
964 0.979836
965 0.982329
966 1.001840
967 0.965584
968 1.002691
969 0.983328
970 0.971130
971 1.004217
972 0.965117
973 1.012425
974 0.970351
975 1.002253
976 0.996301
977 0.964774
978 1.008028
979 0.961029
980 0.989164
981 0.970362
982 0.985571
983 0.978172
984 0.972918
985 0.988467
986 0.981204
987 1.010157
988 0.960186
989 1.021166
990 0.950927
991 1.008727
992 0.955771
993 1.011420
994 0.951933
995 1.005318
996 0.953478
997 0.993222
998 0.967309
999 0.991011
1000 0.984315
1001 0.992272
1002 0.958504
1003 0.995364
1004 0.957552
1005 1.001869
1006 0.962071
1007 0.995487
1008 0.967101
1009 0.989620
1010 0.970525
1011 0.985960
1012 0.973247
1013 0.979101
1014 0.975688
1015 0.990702
1016 0.965122
1017 0.995783
1018 0.954292
1019 1.008375
1020 0.954733

