0 2.725087
1 3.047421
2 2.505053
3 2.485810
4 2.735039
5 2.540398
6 2.078359
7 1.955220
8 2.236371
9 2.346960
10 2.391781
11 2.356241
12 2.620485
13 2.197919
14 1.922392
15 1.773515
16 1.848690
17 2.290075
18 2.335716
19 2.395807
20 2.488167
21 1.591964
22 1.769067
23 2.097559
24 1.422740
25 1.804102
26 1.678522
27 1.650503
28 1.832558
29 1.529420
30 1.631039
31 1.488922
32 1.550749
33 1.736092
34 1.839273
35 1.361090
36 1.572527
37 1.492007
38 1.798276
39 1.735213
40 1.198056
41 1.339294
42 1.509926
43 1.494599
44 1.098007
45 1.391497
46 1.471536
47 1.628249
48 1.099364
49 1.349344
50 1.366388
51 1.524715
52 1.247242
53 1.682283
54 1.238561
55 1.309446
56 1.370473
57 1.467213
58 1.148185
59 1.582348
60 1.343116
61 1.183817
62 1.439419
63 1.248585
64 1.343077
65 1.259814
66 1.220046
67 1.411550
68 1.310835
69 1.225261
70 1.388217
71 1.351087
72 1.263723
73 1.314462
74 1.442479
75 1.227337
76 1.328182
77 1.331075
78 1.301412
79 1.382500
80 1.297071
81 1.118092
82 1.402390
83 1.082909
84 1.411202
85 1.196138
86 1.371801
87 1.191910
88 1.332144
89 1.171034
90 1.392841
91 1.101805
92 1.442629
93 1.177568
94 1.288998
95 1.304005
96 1.249292
97 1.226831
98 1.235092
99 1.265265
100 1.175550
101 1.348549
102 1.114822
103 1.355830
104 1.213447
105 1.078799
106 1.379348
107 1.264725
108 1.066345
109 1.351771
110 1.304688
111 1.134959
112 1.249553
113 1.199002
114 1.220412
115 1.203467
116 1.177835
117 1.302757
118 1.190079
119 1.151101
120 1.303399
121 1.246261
122 1.124211
123 1.028888
124 1.278311
125 1.312158
126 1.165363
127 1.052789
128 1.129829
129 1.309976
130 1.279393
131 1.159626
132 1.178862
133 1.242981
134 1.295979
135 1.178767
136 1.165184
137 1.107194
138 1.283713
139 1.318696
140 1.169494
141 1.180116
142 1.056747
143 1.170061
144 1.174109
145 1.238404
146 1.213306
147 1.127263
148 1.157279
149 1.160678
150 1.193953
151 1.178364
152 1.169296
153 1.115486
154 1.132479
155 1.218424
156 1.204338
157 1.229487
158 1.099113
159 1.137484
160 1.122867
161 1.134327
162 1.149943
163 1.147989
164 1.158476
165 1.126767
166 1.146299
167 1.163800
168 1.125039
169 1.157210
170 1.177309
171 1.218827
172 1.156876
173 1.178703
174 1.148046
175 1.158742
176 1.144766
177 1.146085
178 1.172096
179 1.173384
180 1.170316
181 1.186186
182 1.196808
183 1.161632
184 1.109179
185 1.112844
186 1.092399
187 1.112825
188 1.115250
189 1.077106
190 1.103193
191 1.132977
192 1.170536
193 1.129451
194 1.213730
195 1.229923
196 1.225174
197 1.192538
198 1.139583
199 1.139790
200 1.158626
201 1.060750
202 1.079220
203 1.185648
204 1.198610
205 1.196474
206 1.142828
207 1.027859
208 1.094082
209 1.158906
210 1.194803
211 1.183224
212 1.144986
213 1.063954
214 1.040955
215 1.091045
216 1.121574
217 1.142343
218 1.221901
219 1.199483
220 1.091867
221 1.103322
222 1.053942
223 1.159136
224 1.152076
225 1.052893
226 1.101422
227 1.194393
228 1.114741
229 1.184280
230 1.142195
231 1.105318
232 1.152093
233 1.183179
234 1.071221
235 1.082015
236 1.197080
237 1.107970
238 1.057508
239 1.123261
240 1.183828
241 1.058478
242 1.158776
243 1.131156
244 1.132572
245 1.164161
246 1.086732
247 1.119361
248 1.148666
249 1.091103
250 1.124730
251 1.114022
252 1.063688
253 1.108112
254 1.130093
255 1.058107
256 1.141352
257 1.116267
258 1.099771
259 1.126361
260 1.090548
261 1.115427
262 1.045813
263 1.162152
264 1.057822
265 1.135572
266 1.102420
267 1.088896
268 1.118038
269 1.091503
270 1.136477
271 1.070247
272 1.144590
273 1.077073
274 1.111938
275 1.112450
276 1.083535
277 1.090632
278 1.099142
279 1.121348
280 1.059516
281 1.101454
282 1.073922
283 1.111031
284 1.072602
285 1.106566
286 1.080620
287 1.113508
288 1.065789
289 1.120139
290 1.098373
291 1.098359
292 1.109603
293 1.087130
294 1.123048
295 1.053783
296 1.162593
297 1.051991
298 1.085395
299 1.126763
300 1.076230
301 1.079841
302 1.112244
303 1.097965
304 1.055746
305 1.085871
306 1.128549
307 1.075984
308 1.077752
309 1.120734
310 1.104072
311 1.082572
312 1.108224
313 1.072276
314 1.090718
315 1.093728
316 1.071174
317 1.097952
318 1.096614
319 1.087522
320 1.100778
321 1.040136
322 1.064817
323 1.105748
324 1.073717
325 1.060910
326 1.126195
327 1.072420
328 1.098499
329 1.082341
330 1.084104
331 1.086091
332 1.078371
333 1.058915
334 1.091627
335 1.093912
336 1.062517
337 1.112718
338 1.090661
339 1.054030
340 1.117203
341 1.095329
342 1.045834
343 1.032800
344 1.097147
345 1.130683
346 1.086679
347 1.034732
348 1.065177
349 1.127423
350 1.121706
351 1.039732
352 1.022507
353 1.106916
354 1.147426
355 1.073502
356 1.021939
357 1.088738
358 1.125207
359 1.051983
360 1.008998
361 1.080964
362 1.130995
363 1.103453
364 1.061304
365 1.032027
366 1.028533
367 1.093754
368 1.063645
369 1.113898
370 1.117658
371 1.091735
372 1.063134
373 1.036708
374 1.053823
375 1.092401
376 1.093435
377 1.125849
378 1.090289
379 1.088047
380 1.093037
381 1.041386
382 1.053819
383 1.058844
384 1.025520
385 1.065399
386 1.080323
387 1.102233
388 1.100942
389 1.081102
390 1.069533
391 1.039602
392 1.008169
393 1.009176
394 1.054535
395 1.095995
396 1.113085
397 1.150818
398 1.122097
399 1.087273
400 1.032082
401 1.007581
402 0.992948
403 0.978177
404 0.967640
405 1.007631
406 0.997088
407 0.997063
408 0.986413
409 1.025929
410 1.008489
411 1.005436
412 1.006371
413 1.036663
414 1.072025
415 1.063067
416 1.075571
417 1.102520
418 1.086365
419 1.116536
420 1.130523
421 1.117775
422 1.124021
423 1.108197
424 1.122552
425 1.125137
426 1.098759
427 1.084991
428 1.050759
429 1.037293
430 1.032362
431 1.011444
432 1.019225
433 1.015975
434 1.026653
435 1.033449
436 1.043376
437 1.035184
438 1.044433
439 1.040437
440 1.041167
441 1.105425
442 1.105322
443 1.113025
444 1.091105
445 1.031094
446 1.011565
447 0.991748
448 0.999051
449 1.018227
450 1.044253
451 1.058821
452 1.085793
453 1.133353
454 1.101729
455 1.083808
456 1.041045
457 1.011840
458 1.017003
459 0.999963
460 1.016122
461 1.065679
462 1.113286
463 1.108305
464 1.073294
465 1.024778
466 0.999567
467 1.088102
468 1.110153
469 1.084360
470 1.030470
471 0.992226
472 1.004866
473 1.056895
474 1.095229
475 1.128799
476 1.073272
477 1.021233
478 1.019806
479 1.038404
480 1.119999
481 1.102779
482 1.009841
483 0.986728
484 1.057040
485 1.100938
486 1.081901
487 0.996134
488 1.012454
489 1.078394
490 1.109676
491 1.045084
492 1.002921
493 1.070676
494 1.104207
495 1.040310
496 0.988712
497 1.066639
498 1.110338
499 1.023458
500 0.980426
501 1.052105
502 1.105909
503 1.013987
504 0.987654
505 1.089706
506 1.098709
507 0.982994
508 1.034885
509 1.116520
510 1.041036
511 0.985883
512 1.071834
513 1.098194
514 0.990939
515 1.025862
516 1.114622
517 1.062818
518 0.971316
519 1.053027
520 1.117384
521 0.973594
522 1.040025
523 1.102077
524 0.981289
525 1.047964
526 1.108397
527 0.969784
528 1.053548
529 1.105355
530 0.974717
531 1.046271
532 1.116378
533 0.983571
534 1.058086
535 1.098703
536 0.967290
537 1.044517
538 1.122537
539 0.963066
540 1.059079
541 1.085369
542 0.973407
543 1.118250
544 0.998119
545 1.043306
546 1.086949
547 0.962836
548 1.098193
549 1.010739
550 1.022945
551 1.091754
552 0.980239
553 1.099203
554 1.008339
555 1.012831
556 1.104247
557 0.980543
558 1.071638
559 1.058005
560 0.974797
561 1.104829
562 0.981793
563 1.088179
564 1.019653
565 1.032510
566 1.064641
567 0.992400
568 1.102852
569 0.975525
570 1.105461
571 0.982484
572 1.061958
573 1.029788
574 1.007891
575 1.084948
576 0.972178
577 1.101253
578 0.976580
579 1.085427
580 1.024490
581 1.032197
582 1.038862
583 1.025063
584 1.047211
585 1.040954
586 1.043111
587 1.028309
588 1.040846
589 1.021182
590 1.053463
591 1.008990
592 1.055507
593 1.009959
594 1.056588
595 1.016872
596 1.046556
597 1.030165
598 1.044962
599 1.026872
600 1.053164
601 1.020851
602 1.020456
603 1.066228
604 0.985097
605 1.087418
606 0.971423
607 1.078503
608 0.989475
609 1.059806
610 1.027095
611 1.026829
612 1.055588
613 0.992780
614 1.067477
615 0.990459
616 1.090352
617 0.967103
618 1.087165
619 0.976220
620 1.068052
621 1.035558
622 0.984478
623 1.097879
624 0.980814
625 1.025802
626 1.062108
627 0.980310
628 1.085328
629 1.019488
630 0.998762
631 1.089925
632 0.981422
633 1.050425
634 1.047613
635 0.972798
636 1.093860
637 0.989828
638 1.056183
639 1.068167
640 0.977208
641 1.078720
642 1.034763
643 0.976053
644 1.076291
645 1.032253
646 0.976538
647 1.072155
648 1.022767
649 0.983612
650 1.076182
651 1.016717
652 0.983119
653 1.076124
654 1.010122
655 0.988941
656 1.079765
657 0.998236
658 1.009189
659 1.072182
660 0.995744
661 0.994487
662 1.065207
663 1.040792
664 0.980052
665 1.044163
666 1.070254
667 1.001229
668 0.993980
669 1.053367
670 1.052982
671 0.985195
672 1.021293
673 1.068153
674 1.017147
675 0.998775
676 1.039276
677 1.069570
678 0.993546
679 0.988874
680 1.060316
681 1.048005
682 1.007792
683 0.978127
684 1.033791
685 1.068587
686 1.020750
687 0.982785
688 1.015026
689 1.044878
690 1.020974
691 0.974263
692 1.002301
693 1.052101
694 1.049609
695 0.995771
696 0.995858
697 1.042161
698 1.064037
699 1.006499
700 0.988119
701 1.015692
702 1.046952
703 1.054505
704 1.007673
705 0.974566
706 1.006580
707 1.043842
708 1.063690
709 1.034792
710 0.990441
711 0.987778
712 1.018799
713 1.060801
714 1.056828
715 1.015171
716 0.979707
717 0.987481
718 1.041489
719 1.072289
720 1.045798
721 1.024427
722 1.003170
723 0.987039
724 1.004500
725 1.004509
726 1.029176
727 1.052143
728 1.026871
729 1.013218
730 1.001483
731 1.005043
732 1.028766
733 1.035597
734 1.034673
735 1.025248
736 1.014123
737 1.010089
738 0.999605
739 1.022028
740 1.045231
741 1.031232
742 1.015317
743 1.020071
744 1.009072
745 1.011510
746 1.018412
747 1.018804
748 1.019007
749 1.018543
750 1.029205
751 1.034613
752 1.016777
753 1.016490
754 1.014285
755 0.983941
756 0.992621
757 1.011262
758 1.004163
759 1.014904
760 1.045539
761 1.022964
762 1.007109
763 1.034526
764 1.013764
765 0.996522
766 1.004464
767 0.997103
768 0.991601
769 1.017764
770 1.015615
771 1.009149
772 1.024291
773 1.030576
774 1.037305
775 1.050058
776 1.061136
777 1.050719
778 1.045552
779 1.054739
780 1.050342
781 1.055010
782 1.056576
783 1.041930
784 1.049942
785 1.061881
786 1.055709
787 1.056194
788 1.055784
789 1.063938
790 1.071944
791 1.061228
792 1.058234
793 1.050438
794 1.048275
795 1.060994
796 1.052207
797 1.037397
798 1.040110
799 1.018611
800 1.017625
801 1.012341
802 0.994839
803 0.974302
804 0.962206
805 0.958447
806 0.963881
807 1.006769
808 1.022390
809 1.038494
810 1.053027
811 1.061232
812 1.054259
813 1.044416
814 1.034891
815 1.008383
816 0.990622
817 0.976442
818 0.971222
819 0.962000
820 0.969351
821 1.002927
822 1.023192
823 1.044204
824 1.036454
825 1.010066
826 0.984807
827 0.965293
828 0.973394
829 1.005185
830 1.036742
831 1.041321
832 1.037942
833 0.999163
834 0.980503
835 0.981421
836 0.972256
837 1.001119
838 1.021349
839 1.024635
840 1.032686
841 1.005297
842 0.984550
843 1.000850
844 0.979065
845 1.006518
846 1.014904
847 0.994715
848 1.021140
849 0.978097
850 0.999200
851 0.990137
852 0.994909
853 1.022546
854 1.014057
855 1.015314
856 1.002125
857 0.966090
858 0.983698
859 1.009371
860 1.021966
861 1.025755
862 0.985606
863 0.987627
864 0.986496
865 1.028563
866 1.006439
867 0.997315
868 0.994665
869 0.971198
870 1.018578
871 1.016048
872 1.016551
873 1.005139
874 0.970476
875 1.004023
876 0.991566
877 1.028098
878 1.006208
879 0.988459
880 1.012227
881 0.973508
882 1.013175
883 0.992377
884 0.979394
885 1.000146
886 0.985847
887 1.018962
888 0.983895
889 1.006320
890 1.001373
891 0.977653
892 1.021064
893 0.992904
894 0.985821
895 1.008555
896 0.994764
897 1.027045
898 0.983948
899 0.989722
900 0.997699
901 1.006322
902 0.995023
903 0.977519
904 1.014790
905 0.989699
906 0.983125
907 1.006271
908 0.980254
909 1.006205
910 0.980574
911 0.997683
912 1.006269
913 0.978955
914 1.012300
915 0.990130
916 0.998593
917 0.992253
918 0.970361
919 1.027068
920 0.987603
921 1.021767
922 0.967256
923 0.999072
924 1.016984
925 0.958930
926 1.009961
927 0.981788
928 1.003803
929 0.983658
930 0.978781
931 1.029596
932 0.971135
933 0.985651
934 1.007515
935 0.975078
936 1.006463
937 0.969321
938 1.026058
939 0.980528
940 0.960369
941 1.018761
942 0.969454
943 1.010890
944 0.964754
945 1.006675
946 0.988608
947 0.972560
948 1.012290
949 0.963290
950 0.985987
951 1.006440
952 0.955384
953 1.014044
954 0.979721
955 0.975668
956 1.021805
957 0.952399
958 1.015865
959 0.984396
960 0.973396
961 1.010116
962 0.962817
963 1.011674
964 0.973250
965 0.988731
966 1.003786
967 0.961520
968 1.010049
969 0.967311
970 0.997627
971 0.979698
972 0.974147
973 1.000019
974 0.975968
975 1.008198
976 0.964762
977 1.010511
978 0.971816
979 0.991849
980 1.005193
981 0.961391
982 1.002536
983 0.965249
984 1.016489
985 0.958394
986 1.012097
987 0.968824
988 0.991747
989 0.992932
990 0.963177
991 1.014443
992 0.952733
993 1.021710
994 0.939874
995 1.020956
996 0.953819
997 1.011822
998 0.959721
999 0.992659
1000 0.994394
1001 0.968438
1002 0.997096
1003 0.959973
1004 1.014490
1005 0.947852
1006 1.022526
1007 0.943191
1008 1.023558
1009 0.949836
1010 1.017299
1011 0.948034
1012 1.002728
1013 0.953662
1014 1.002755
1015 0.956019
1016 0.998973
1017 0.956066
1018 0.988083
1019 0.972400
1020 0.978066

