#Res            first
   1.000      21.9442
   2.000      19.0475
   3.000      17.2801
   4.000      14.8522
   5.000      13.4677
   6.000      13.8525
   7.000      14.3892
   8.000      12.9344
   9.000      15.2898
  10.000      16.6903
  11.000      18.1552
  12.000      15.8199
  13.000      16.8404
  14.000      15.4747
  15.000      13.2351
  16.000      10.5054
  17.000      12.3924
  18.000      14.0929
  19.000      12.4237
  20.000      12.5223
  21.000      12.5022
  22.000      14.7114
  23.000      13.9509
  24.000      14.4442
  25.000      16.7405
  26.000      18.7282
  27.000      20.1550
  28.000      18.7245
  29.000      16.7893
  30.000      14.6622
  31.000      14.4388
  32.000      11.9688
  33.000      14.6827
  34.000      15.0663
  35.000      12.9517
  36.000      14.6049
  37.000      15.6999
  38.000      13.5496
  39.000      11.4188
  40.000       8.2023
  41.000       5.5552
  42.000       2.5883
  43.000       0.9916
  44.000       3.8955
  45.000       6.3323
  46.000       9.6824
  47.000      12.0134
  48.000      14.0390
  49.000      12.2018
  50.000      13.4813
  51.000      10.9860
  52.000      10.8090
  53.000      12.2995
  54.000       9.7507
  55.000       9.4253
  56.000      11.9760
  57.000      11.3562
  58.000       8.7467
  59.000      11.0636
  60.000      13.1089
  61.000      11.4448
  62.000      11.4139
  63.000      14.6140
  64.000      15.5463
  65.000      14.4352
  66.000      15.4394
  67.000      18.2272
  68.000      16.7997
  69.000      15.0673
  70.000      11.8667
  71.000       9.7901
  72.000       6.9651
  73.000       5.7052
  74.000       5.0344
  75.000       6.1861
  76.000       8.6364
  77.000       9.5767
  78.000      12.6844
  79.000      13.1269
  80.000      12.5557
  81.000      15.3192
  82.000      15.9982
  83.000      13.9782
  84.000      13.9653
  85.000      17.2404
  86.000      18.5580
  87.000      18.9052
  88.000      16.7753
  89.000      19.1928
  90.000      18.7096
  91.000      15.1698
  92.000      15.6427
  93.000      18.4207
  94.000      16.6955
  95.000      14.6428
  96.000      17.5282
  97.000      19.4553
  98.000      18.1268
  99.000      15.3434
 100.000      14.8045
 101.000      17.5862
 102.000      20.0035
 103.000      19.7944
 104.000      16.7037
 105.000      15.6180
 106.000      12.6305
 107.000      12.9622
 108.000       9.9334
 109.000      10.0157
 110.000       9.5864
 111.000      10.5232
 112.000      12.7195
 113.000      12.0823
 114.000      11.7337
 115.000      11.3230
 116.000       9.0374
 117.000      11.8254
 118.000      15.1424
 119.000      17.2056
 120.000      15.7588
 121.000      12.4504
 122.000      10.9266
 123.000      11.5182
 124.000       8.7448
 125.000       7.6316
 126.000      10.6750
 127.000      10.4319
 128.000       8.2295
 129.000      10.1591
 130.000      12.6917
 131.000      12.2210
 132.000      11.4243
 133.000      13.7355
 134.000      13.4879
 135.000      14.4959
 136.000      16.2090
 137.000      18.2125
 138.000      17.8079
 139.000      15.8905
 140.000      17.0992
 141.000      19.2853
 142.000      19.4617
 143.000      20.4508
 144.000      17.3310
 145.000      15.7227
 146.000      16.7533
 147.000      16.5166
 148.000      18.6286
 149.000      18.9021
 150.000      17.3626
 151.000      16.8419
 152.000      16.7125
 153.000      13.8547
 154.000      12.1244
 155.000       9.3295
 156.000      10.8962
 157.000       9.4708
 158.000       7.3242
 159.000       5.7310
 160.000       5.5954
 161.000       4.4997
 162.000       5.3222
 163.000       7.5452
 164.000       9.0588
 165.000      12.2551
 166.000      14.2914
 167.000      15.0210
 168.000      12.1436
 169.000      12.0404
 170.000      10.0647
 171.000      11.8869
 172.000      10.8591
 173.000       8.9695
 174.000       9.4356
 175.000       9.8349
 176.000       9.0270
 177.000      11.7536
 178.000      11.6531
 179.000      12.1871
 180.000      10.6898
 181.000      13.9613
 182.000      14.2591
 183.000      11.3170
 184.000      12.9035
 185.000      15.9620
 186.000      14.8763
 187.000      13.4306
 188.000      16.6159
 189.000      18.4078
 190.000      16.6474
 191.000      17.4027
 192.000      20.7817
 193.000      21.0240
 194.000      20.0267
 195.000      22.3110
 196.000      24.7690
 197.000      26.5952
