#Res            first
   1.000      22.3844
   2.000      20.3164
   3.000      17.2323
   4.000      16.0939
   5.000      14.4428
   6.000      14.3615
   7.000      15.5707
   8.000      14.4607
   9.000      16.9881
  10.000      19.5640
  11.000      21.0627
  12.000      18.4279
  13.000      19.9255
  14.000      18.2156
  15.000      15.8656
  16.000      12.6969
  17.000      15.0706
  18.000      16.6393
  19.000      14.3046
  20.000      13.8117
  21.000      13.1849
  22.000      15.2188
  23.000      14.2366
  24.000      14.5539
  25.000      17.7974
  26.000      19.0365
  27.000      20.6276
  28.000      18.9560
  29.000      17.4509
  30.000      15.4028
  31.000      15.8926
  32.000      13.4862
  33.000      16.7525
  34.000      16.7683
  35.000      14.5810
  36.000      16.8968
  37.000      18.2084
  38.000      15.3596
  39.000      12.6779
  40.000       9.1661
  41.000       6.0402
  42.000       2.9148
  43.000       1.2883
  44.000       4.3107
  45.000       7.2405
  46.000      11.0083
  47.000      14.0230
  48.000      16.4424
  49.000      14.5058
  50.000      16.1657
  51.000      13.2107
  52.000      13.0653
  53.000      14.6713
  54.000      11.4898
  55.000      10.7097
  56.000      13.2353
  57.000      12.6317
  58.000       9.6004
  59.000      12.0183
  60.000      14.0414
  61.000      11.9624
  62.000      11.7518
  63.000      15.1149
  64.000      16.1136
  65.000      14.8175
  66.000      15.9548
  67.000      18.9831
  68.000      17.8160
  69.000      16.1765
  70.000      12.6842
  71.000      10.3299
  72.000       7.2132
  73.000       5.8028
  74.000       5.2059
  75.000       6.4392
  76.000       9.2779
  77.000      10.2304
  78.000      13.6941
  79.000      14.1015
  80.000      13.8577
  81.000      17.1227
  82.000      17.7500
  83.000      15.6312
  84.000      15.2200
  85.000      18.6679
  86.000      19.5371
  87.000      19.5925
  88.000      17.2334
  89.000      19.5697
  90.000      19.8655
  91.000      16.2513
  92.000      16.8834
  93.000      19.9420
  94.000      18.3589
  95.000      16.2845
  96.000      19.3904
  97.000      21.6179
  98.000      20.3342
  99.000      17.1866
 100.000      16.4679
 101.000      19.5186
 102.000      22.0557
 103.000      21.2939
 104.000      17.9160
 105.000      16.4503
 106.000      13.1735
 107.000      13.1879
 108.000       9.9920
 109.000       9.9982
 110.000       9.7861
 111.000      10.7985
 112.000      13.1622
 113.000      12.8152
 114.000      12.3619
 115.000      11.8859
 116.000       9.4531
 117.000      12.2968
 118.000      15.8060
 119.000      18.1272
 120.000      16.6912
 121.000      13.2405
 122.000      11.9051
 123.000      13.0112
 124.000      10.2356
 125.000       8.5175
 126.000      11.8203
 127.000      12.0589
 128.000       9.2688
 129.000      10.7386
 130.000      13.8345
 131.000      13.4234
 132.000      12.1571
 133.000      14.3849
 134.000      14.0632
 135.000      14.6336
 136.000      16.6635
 137.000      18.8648
 138.000      18.9349
 139.000      17.2094
 140.000      18.4528
 141.000      20.7399
 142.000      20.8389
 143.000      22.2151
 144.000      18.9956
 145.000      16.9172
 146.000      17.9083
 147.000      17.3945
 148.000      19.4539
 149.000      19.5671
 150.000      17.8434
 151.000      17.1086
 152.000      16.8682
 153.000      13.9237
 154.000      12.2605
 155.000       9.4233
 156.000      11.3287
 157.000      10.2955
 158.000       8.3977
 159.000       6.6585
 160.000       5.9900
 161.000       4.7141
 162.000       5.6878
 163.000       8.2534
 164.000      10.2707
 165.000      13.8561
 166.000      16.4272
 167.000      17.7117
 168.000      14.6030
 169.000      14.1007
 170.000      11.4851
 171.000      13.0003
 172.000      11.4601
 173.000       9.3355
 174.000       9.7791
 175.000      10.2840
 176.000      10.0052
 177.000      13.1674
 178.000      12.7391
 179.000      13.5294
 180.000      11.7379
 181.000      15.1150
 182.000      15.2124
 183.000      11.9637
 184.000      13.6203
 185.000      16.8268
 186.000      15.6422
 187.000      14.1667
 188.000      17.4708
 189.000      19.4282
 190.000      17.8216
 191.000      18.5706
 192.000      22.1299
 193.000      22.7951
 194.000      22.3772
 195.000      24.2913
 196.000      25.9726
 197.000      27.3803
