#Res            first
   1.000      11.2509
   2.000       9.9010
   3.000      10.2942
   4.000      11.0684
   5.000      10.6456
   6.000      12.8473
   7.000      14.3600
   8.000      15.6586
   9.000      14.0453
  10.000      15.1327
  11.000      13.5126
  12.000      11.5112
  13.000       9.3096
  14.000      10.9201
  15.000      12.2062
  16.000      10.4400
  17.000       9.7011
  18.000       8.9288
  19.000       9.8096
  20.000       9.0683
  21.000       9.1281
  22.000      11.1283
  23.000      12.9590
  24.000      11.9954
  25.000      12.0882
  26.000      11.5652
  27.000      10.4106
  28.000      10.8014
  29.000       9.1556
  30.000      11.2919
  31.000      10.8798
  32.000       9.2805
  33.000      10.9344
  34.000      11.2999
  35.000       9.3039
  36.000       8.0936
  37.000       6.0420
  38.000       4.1688
  39.000       2.4531
  40.000       0.9035
  41.000       2.1636
  42.000       3.9580
  43.000       6.2804
  44.000       8.6050
  45.000      10.2123
  46.000       9.1517
  47.000      10.4486
  48.000       8.6029
  49.000       8.8697
  50.000      10.5633
  51.000       8.5074
  52.000       8.0515
  53.000      10.1286
  54.000       9.3676
  55.000       7.0508
  56.000       8.6905
  57.000      10.1031
  58.000       8.4288
  59.000       8.0463
  60.000      10.4779
  61.000      11.2633
  62.000      10.0762
  63.000      10.2546
  64.000      11.9572
  65.000      11.1210
  66.000      10.1847
  67.000       8.1147
  68.000       6.5454
  69.000       4.6558
  70.000       3.6620
  71.000       3.2390
  72.000       3.6332
  73.000       5.1653
  74.000       5.6686
  75.000       7.6487
  76.000       7.9556
  77.000       7.9436
  78.000       9.7383
  79.000      10.2799
  80.000       8.8204
  81.000       8.6820
  82.000      10.8312
  83.000      11.4184
  84.000      11.8451
  85.000      10.8384
  86.000      12.8811
  87.000      12.7732
  88.000      10.4796
  89.000      11.0065
  90.000      13.4261
  91.000      12.7345
  92.000      11.3781
  93.000      13.5618
  94.000      15.5661
  95.000      14.8920
  96.000      12.8677
  97.000      12.6123
  98.000      14.6083
  99.000      16.5576
 100.000      15.7142
 101.000      13.2347
 102.000      11.6507
 103.000       9.2559
 104.000       9.2886
 105.000       7.0911
 106.000       6.5515
 107.000       6.1236
 108.000       6.6798
 109.000       8.0893
 110.000       7.5875
 111.000       7.5335
 112.000       7.3482
 113.000       6.1507
 114.000       8.0702
 115.000      10.4635
 116.000      12.2094
 117.000      11.0818
 118.000       8.9351
 119.000       8.1492
 120.000       9.4822
 121.000       7.7679
 122.000       6.5058
 123.000       9.0517
 124.000       9.6467
 125.000       7.6348
 126.000       8.4265
 127.000      10.9799
 128.000      10.7503
 129.000       9.6270
 130.000      10.6945
 131.000       9.5749
 132.000       8.9530
 133.000      10.5922
 134.000      12.4550
 135.000      12.0184
 136.000      10.6898
 137.000      11.3735
 138.000      12.6662
 139.000      12.5700
 140.000      13.2942
 141.000      11.5130
 142.000      10.1401
 143.000      10.9095
 144.000      10.7561
 145.000      12.4968
 146.000      13.0681
 147.000      11.8721
 148.000      11.8487
 149.000      11.8982
 150.000       9.9997
 151.000       8.4355
 152.000       6.2479
 153.000       7.1372
 154.000       6.1881
 155.000       4.8468
 156.000       3.9064
 157.000       3.9499
 158.000       3.5958
 159.000       4.6438
 160.000       6.0257
 161.000       7.3287
 162.000       9.3109
 163.000      10.7430
 164.000      12.1107
 165.000      10.2487
 166.000      10.3752
 167.000       8.6699
 168.000       9.4703
 169.000       8.4208
 170.000       6.9352
 171.000       6.8704
 172.000       7.3017
 173.000       6.3142
 174.000       8.6528
 175.000       8.8321
 176.000       9.4622
 177.000       8.2056
 178.000      10.5341
 179.000      10.4891
 180.000       8.1319
 181.000       9.1454
 182.000      11.2660
 183.000      10.3619
 184.000       9.3486
 185.000      11.4491
 186.000      12.6801
 187.000      11.6203
 188.000      12.1111
 189.000      14.2961
