#Res            first
   1.000      10.3044
   2.000       9.3873
   3.000       9.5836
   4.000      11.3620
   5.000      10.9944
   6.000      13.1847
   7.000      15.2587
   8.000      16.8293
   9.000      14.9003
  10.000      16.0224
  11.000      14.2713
  12.000      12.2248
  13.000       9.6490
  14.000      10.7994
  15.000      12.3477
  16.000      10.4344
  17.000       9.0876
  18.000       8.3978
  19.000       8.8969
  20.000       7.0071
  21.000       7.8145
  22.000       8.6781
  23.000      10.0449
  24.000      10.5003
  25.000       9.6433
  26.000       9.6528
  27.000       8.1625
  28.000       9.4120
  29.000       7.9687
  30.000       9.9975
  31.000       8.4488
  32.000       7.6763
  33.000      10.2068
  34.000      11.4033
  35.000       9.3989
  36.000       8.9752
  37.000       6.4088
  38.000       4.7788
  39.000       2.6114
  40.000       1.1528
  41.000       2.3701
  42.000       4.4999
  43.000       7.2066
  44.000       9.7581
  45.000      11.5895
  46.000      10.1483
  47.000      10.9706
  48.000       8.9255
  49.000       9.5663
  50.000      11.3229
  51.000       9.1382
  52.000       8.1892
  53.000      10.1553
  54.000       9.8665
  55.000       7.2958
  56.000       8.1629
  57.000      10.2363
  58.000       9.0472
  59.000       7.5712
  60.000       9.6487
  61.000      11.5670
  62.000      10.5491
  63.000       9.7189
  64.000      12.1790
  65.000      12.1625
  66.000      10.1280
  67.000       8.3237
  68.000       5.4403
  69.000       3.7451
  70.000       1.9852
  71.000       2.3964
  72.000       3.8243
  73.000       6.0313
  74.000       6.7817
  75.000       9.1088
  76.000       8.8548
  77.000       8.0405
  78.000      10.9594
  79.000      11.7716
  80.000      10.1518
  81.000      10.2383
  82.000      13.0406
  83.000      13.2806
  84.000      13.5209
  85.000      11.5603
  86.000      12.9555
  87.000      13.3687
  88.000      10.8994
  89.000      10.3127
  90.000      13.1711
  91.000      13.2811
  92.000      11.4588
  93.000      13.1287
  94.000      15.6553
  95.000      15.7057
  96.000      13.6813
  97.000      13.0673
  98.000      14.8514
  99.000      16.3977
 100.000      14.6923
 101.000      12.2380
 102.000       9.7786
 103.000       7.2694
 104.000       6.5583
 105.000       4.4163
 106.000       3.4021
 107.000       4.2998
 108.000       5.8088
 109.000       8.3909
 110.000       8.6425
 111.000       8.7891
 112.000       8.3451
 113.000       6.3755
 114.000       7.6622
 115.000      10.3277
 116.000      12.8704
 117.000      12.4821
 118.000       9.7325
 119.000       9.0367
 120.000      10.3371
 121.000       8.3959
 122.000       6.8289
 123.000       9.1998
 124.000       9.9926
 125.000       7.6945
 126.000       7.7656
 127.000      10.5998
 128.000      10.7454
 129.000       8.9898
 130.000       8.7897
 131.000       6.6378
 132.000       6.1419
 133.000       6.1954
 134.000       6.7954
 135.000       5.9624
 136.000       5.7265
 137.000       7.2753
 138.000       9.5694
 139.000      10.8682
 140.000      12.8583
 141.000      11.5438
 142.000       9.6844
 143.000      10.3191
 144.000      10.3888
 145.000      12.0248
 146.000      11.9746
 147.000       9.5164
 148.000       9.2141
 149.000       8.4114
 150.000       7.5384
 151.000       5.9724
 152.000       3.7709
 153.000       3.7941
 154.000       4.2666
 155.000       4.4103
 156.000       3.6290
 157.000       2.5509
 158.000       3.4361
 159.000       5.0507
 160.000       7.1982
 161.000       8.5580
 162.000      10.8718
 163.000      11.8751
 164.000      13.3445
 165.000      11.0754
 166.000      11.7799
 167.000       9.8639
 168.000      10.7614
 169.000       9.2322
 170.000       6.7803
 171.000       6.3908
 172.000       5.7400
 173.000       4.9654
 174.000       7.6469
 175.000       8.7404
 176.000      10.1593
 177.000       9.2662
 178.000      12.0388
 179.000      11.8785
 180.000       9.6091
 181.000      11.0522
 182.000      13.4850
 183.000      12.4804
 184.000      11.5548
 185.000      14.1033
 186.000      15.7481
 187.000      14.4837
 188.000      14.9765
 189.000      17.7949
