#Res            first
   1.000      13.3984
   2.000      11.1153
   3.000       9.9998
   4.000       8.6350
   5.000       7.5897
   6.000       7.4313
   7.000       8.1125
   8.000       7.2706
   9.000       8.6737
  10.000       9.9004
  11.000      10.9375
  12.000       9.7116
  13.000      11.0665
  14.000      11.1693
  15.000       9.8547
  16.000       7.9836
  17.000       9.3415
  18.000      10.6288
  19.000       9.2280
  20.000       8.8580
  21.000       8.3267
  22.000       9.1447
  23.000       7.9025
  24.000       7.8535
  25.000       9.3101
  26.000      10.7779
  27.000      11.0371
  28.000      10.6557
  29.000      10.4019
  30.000       9.2435
  31.000       9.9197
  32.000       8.4420
  33.000      10.4346
  34.000       9.8428
  35.000       8.6138
  36.000      10.2653
  37.000      10.9552
  38.000       9.2312
  39.000       7.7331
  40.000       5.7383
  41.000       3.8521
  42.000       2.0597
  43.000       0.6242
  44.000       2.3473
  45.000       4.0079
  46.000       6.2300
  47.000       7.7687
  48.000       9.4980
  49.000       8.4225
  50.000       9.5525
  51.000       7.8901
  52.000       7.5332
  53.000       8.6225
  54.000       6.7474
  55.000       5.6368
  56.000       6.7049
  57.000       6.9448
  58.000       4.9940
  59.000       5.7454
  60.000       7.4473
  61.000       6.6725
  62.000       5.9988
  63.000       7.6999
  64.000       8.8148
  65.000       8.1818
  66.000       8.4634
  67.000      10.5298
  68.000      10.2643
  69.000       9.0464
  70.000       7.2142
  71.000       5.6827
  72.000       3.7789
  73.000       3.0419
  74.000       2.4131
  75.000       3.6729
  76.000       5.2450
  77.000       6.0225
  78.000       8.0651
  79.000       7.8618
  80.000       7.7024
  81.000       9.7032
  82.000      10.2493
  83.000       9.1143
  84.000       8.9631
  85.000      11.1219
  86.000      11.3111
  87.000      11.3332
  88.000       9.9015
  89.000      11.0392
  90.000      11.1534
  91.000       9.0003
  92.000       8.7141
  93.000      10.3601
  94.000       9.7272
  95.000       8.1589
  96.000       9.5463
  97.000      11.2123
  98.000      10.9929
  99.000       9.1608
 100.000       8.4545
 101.000       9.9478
 102.000      10.8784
 103.000       9.9876
 104.000       8.1916
 105.000       7.1639
 106.000       5.6574
 107.000       5.6033
 108.000       4.3198
 109.000       4.6748
 110.000       4.7734
 111.000       6.0446
 112.000       7.6729
 113.000       7.5320
 114.000       7.6653
 115.000       7.1562
 116.000       5.3390
 117.000       6.5375
 118.000       8.6396
 119.000      10.3080
 120.000      10.0682
 121.000       7.8246
 122.000       7.3932
 123.000       7.9793
 124.000       6.3273
 125.000       4.8809
 126.000       6.5846
 127.000       6.8307
 128.000       4.9501
 129.000       5.0139
 130.000       6.8460
 131.000       6.9036
 132.000       5.7468
 133.000       6.1976
 134.000       5.8856
 135.000       6.8967
 136.000       7.7796
 137.000       8.2605
 138.000       8.3834
 139.000       7.4300
 140.000       9.0467
 141.000      10.6572
 142.000      10.7588
 143.000      11.8765
 144.000      10.4295
 145.000       8.9886
 146.000       9.7464
 147.000       9.3645
 148.000      10.2985
 149.000      10.0904
 150.000       8.5828
 151.000       7.7566
 152.000       7.1427
 153.000       5.8040
 154.000       5.4022
 155.000       4.1570
 156.000       5.3890
 157.000       5.3493
 158.000       4.5927
 159.000       3.8518
 160.000       3.1151
 161.000       2.8307
 162.000       3.2970
 163.000       5.0558
 164.000       6.5524
 165.000       8.7036
 166.000      10.1568
 167.000      10.7582
 168.000       8.9847
 169.000       8.5595
 170.000       6.7154
 171.000       7.5652
 172.000       6.5308
 173.000       5.0747
 174.000       5.5912
 175.000       5.7234
 176.000       5.7406
 177.000       7.8269
 178.000       7.7522
 179.000       8.5294
 180.000       7.2970
 181.000       9.3676
 182.000       9.4358
 183.000       7.4183
 184.000       8.3800
 185.000      10.3905
 186.000       9.6725
 187.000       8.7528
 188.000      10.6979
 189.000      11.9059
 190.000      10.8596
 191.000      11.1841
 192.000      13.1939
 193.000      13.3215
 194.000      12.9892
 195.000      14.0098
 196.000      15.2320
 197.000      16.5237
