#Res            first
   1.000       8.9400
   2.000       9.0159
   3.000       8.5218
   4.000       7.5244
   5.000       6.5680
   6.000       6.4594
   7.000       7.0160
   8.000       6.3975
   9.000       7.5511
  10.000       8.0696
  11.000       8.9153
  12.000       7.6188
  13.000       8.8555
  14.000       9.0284
  15.000       8.0823
  16.000       6.7034
  17.000       7.9419
  18.000       8.8186
  19.000       7.6654
  20.000       7.4522
  21.000       6.9989
  22.000       7.7726
  23.000       6.8452
  24.000       6.7612
  25.000       8.1514
  26.000       9.2815
  27.000       9.7385
  28.000       9.2934
  29.000       8.8530
  30.000       7.9958
  31.000       8.5424
  32.000       7.2330
  33.000       8.8378
  34.000       8.4876
  35.000       7.3340
  36.000       8.6528
  37.000       9.0942
  38.000       7.5190
  39.000       6.0957
  40.000       4.6230
  41.000       2.9698
  42.000       1.7477
  43.000       0.5300
  44.000       1.8869
  45.000       3.2165
  46.000       5.0883
  47.000       6.4440
  48.000       7.8082
  49.000       7.0085
  50.000       8.0788
  51.000       6.6484
  52.000       6.2665
  53.000       6.9931
  54.000       5.4281
  55.000       4.5687
  56.000       5.2355
  57.000       5.1902
  58.000       3.5269
  59.000       4.1859
  60.000       5.3658
  61.000       4.6331
  62.000       4.2262
  63.000       5.4891
  64.000       6.2794
  65.000       5.8813
  66.000       6.1217
  67.000       7.3970
  68.000       7.2803
  69.000       6.6332
  70.000       5.3114
  71.000       4.3644
  72.000       2.8421
  73.000       2.6774
  74.000       2.1762
  75.000       3.0608
  76.000       4.2917
  77.000       4.7487
  78.000       6.2348
  79.000       5.8874
  80.000       5.9991
  81.000       7.6203
  82.000       7.9871
  83.000       7.2915
  84.000       7.2615
  85.000       8.9816
  86.000       9.2163
  87.000       9.3327
  88.000       8.3066
  89.000       9.4087
  90.000       9.3816
  91.000       7.6851
  92.000       7.7988
  93.000       9.0983
  94.000       8.3486
  95.000       7.2115
  96.000       8.4387
  97.000       9.4392
  98.000       9.3202
  99.000       7.7731
 100.000       7.0884
 101.000       8.4431
 102.000       9.1951
 103.000       8.5540
 104.000       6.9053
 105.000       6.2539
 106.000       4.8477
 107.000       4.6371
 108.000       3.5401
 109.000       4.2145
 110.000       4.2530
 111.000       5.1480
 112.000       6.3974
 113.000       6.0333
 114.000       5.9214
 115.000       5.3163
 116.000       3.8680
 117.000       4.5966
 118.000       6.0710
 119.000       7.3142
 120.000       7.3472
 121.000       5.6888
 122.000       5.6045
 123.000       6.1781
 124.000       5.0683
 125.000       3.7050
 126.000       5.0673
 127.000       5.4854
 128.000       4.0322
 129.000       4.0159
 130.000       5.6072
 131.000       5.9052
 132.000       5.0642
 133.000       5.3466
 134.000       4.9816
 135.000       5.8955
 136.000       6.6357
 137.000       6.9941
 138.000       7.0001
 139.000       6.0655
 140.000       7.2924
 141.000       8.3034
 142.000       7.8302
 143.000       9.1251
 144.000       8.0389
 145.000       6.7817
 146.000       7.1574
 147.000       6.7241
 148.000       7.2498
 149.000       7.0056
 150.000       6.0053
 151.000       5.5888
 152.000       5.6138
 153.000       4.5885
 154.000       3.9631
 155.000       3.1921
 156.000       4.3553
 157.000       4.3642
 158.000       3.7263
 159.000       3.1985
 160.000       2.7389
 161.000       2.4592
 162.000       2.8848
 163.000       4.0809
 164.000       5.3685
 165.000       7.1260
 166.000       8.4040
 167.000       9.0727
 168.000       7.6440
 169.000       7.0984
 170.000       5.6123
 171.000       6.2717
 172.000       5.4643
 173.000       4.4068
 174.000       4.8203
 175.000       5.0225
 176.000       4.9626
 177.000       6.6214
 178.000       6.5305
 179.000       6.9238
 180.000       5.6316
 181.000       7.1992
 182.000       7.4042
 183.000       5.6930
 184.000       6.2898
 185.000       7.9967
 186.000       7.5861
 187.000       6.7401
 188.000       8.1236
 189.000       9.2039
 190.000       8.4833
 191.000       8.6543
 192.000      10.1571
 193.000      10.3946
 194.000      10.2811
 195.000      11.1740
 196.000      12.8026
 197.000      14.7036
