#Res            first
   1.000       8.3428
   2.000       6.8302
   3.000       6.0441
   4.000       6.1528
   5.000       5.3406
   6.000       6.2572
   7.000       7.3970
   8.000       8.3025
   9.000       7.4794
  10.000       8.5152
  11.000       7.7004
  12.000       7.3461
  13.000       6.4543
  14.000       8.2563
  15.000       8.6789
  16.000       7.6886
  17.000       7.6902
  18.000       7.1061
  19.000       7.7275
  20.000       7.0245
  21.000       6.2700
  22.000       7.5579
  23.000       9.3389
  24.000       9.0921
  25.000       9.6587
  26.000       9.4876
  27.000       8.9225
  28.000       9.0304
  29.000       7.7959
  30.000       9.6380
  31.000       9.8568
  32.000       8.6800
  33.000       9.7299
  34.000      10.1737
  35.000       8.7866
  36.000       7.3702
  37.000       5.5702
  38.000       3.8050
  39.000       2.0657
  40.000       0.6251
  41.000       1.6300
  42.000       2.3213
  43.000       3.9742
  44.000       4.9334
  45.000       6.5881
  46.000       6.3217
  47.000       7.3430
  48.000       5.7739
  49.000       5.1010
  50.000       6.0535
  51.000       5.0068
  52.000       4.2365
  53.000       5.6602
  54.000       5.9245
  55.000       4.6745
  56.000       5.6341
  57.000       6.9735
  58.000       6.4972
  59.000       6.5729
  60.000       8.1894
  61.000       8.9673
  62.000       8.7620
  63.000       9.2344
  64.000      10.8966
  65.000      10.4278
  66.000       9.7265
  67.000       7.8001
  68.000       6.4369
  69.000       4.4965
  70.000       3.5557
  71.000       2.2629
  72.000       2.6002
  73.000       3.4546
  74.000       4.4836
  75.000       6.2853
  76.000       6.8465
  77.000       7.1384
  78.000       8.4020
  79.000       8.3660
  80.000       6.8877
  81.000       6.2400
  82.000       7.9754
  83.000       7.7167
  84.000       7.9899
  85.000       7.1818
  86.000       7.8418
  87.000       7.3015
  88.000       5.7613
  89.000       5.6384
  90.000       6.5581
  91.000       6.3665
  92.000       5.4660
  93.000       6.3129
  94.000       7.3922
  95.000       7.5659
  96.000       6.6834
  97.000       6.4735
  98.000       7.0703
  99.000       7.8836
 100.000       7.3915
 101.000       6.3071
 102.000       5.9031
 103.000       5.1627
 104.000       6.1792
 105.000       5.3684
 106.000       5.2561
 107.000       4.3111
 108.000       5.0238
 109.000       5.8563
 110.000       5.5373
 111.000       5.9384
 112.000       5.9104
 113.000       4.5286
 114.000       6.0105
 115.000       7.8007
 116.000       8.8319
 117.000       8.2943
 118.000       6.4086
 119.000       5.7440
 120.000       6.1728
 121.000       4.9428
 122.000       3.7188
 123.000       5.0097
 124.000       5.0126
 125.000       3.5816
 126.000       3.9944
 127.000       5.2094
 128.000       4.9201
 129.000       4.4723
 130.000       5.5194
 131.000       5.7812
 132.000       5.8628
 133.000       7.8450
 134.000       9.3670
 135.000       9.7338
 136.000       8.7746
 137.000      10.1527
 138.000      11.6645
 139.000      11.3658
 140.000      12.2858
 141.000      10.4932
 142.000       9.1839
 143.000       9.3083
 144.000       8.9213
 145.000       9.7945
 146.000       9.7570
 147.000       8.8724
 148.000       7.7512
 149.000       7.4016
 150.000       5.7535
 151.000       5.6250
 152.000       4.5830
 153.000       5.8598
 154.000       5.5076
 155.000       4.1203
 156.000       2.9688
 157.000       2.9696
 158.000       2.3710
 159.000       2.6559
 160.000       4.3182
 161.000       5.3106
 162.000       7.1787
 163.000       8.7565
 164.000       8.8527
 165.000       7.3855
 166.000       6.4649
 167.000       4.9721
 168.000       5.7306
 169.000       5.0537
 170.000       4.0024
 171.000       4.6349
 172.000       5.3440
 173.000       4.9540
 174.000       6.6624
 175.000       6.5926
 176.000       6.8949
 177.000       5.9557
 178.000       7.8259
 179.000       7.9173
 180.000       6.2698
 181.000       7.3395
 182.000       8.9456
 183.000       8.0457
 184.000       7.6940
 185.000       9.5384
 186.000      10.0905
 187.000       9.1016
 188.000      10.1889
 189.000      11.9611
