#Res            first
   1.000      11.5087
   2.000      10.3279
   3.000      10.9682
   4.000      11.5964
   5.000      10.9269
   6.000      13.1319
   7.000      14.1984
   8.000      15.0477
   9.000      13.4637
  10.000      14.0418
  11.000      12.2170
  12.000       9.8300
  13.000       7.7461
  14.000       8.5394
  15.000      10.2855
  16.000       9.0834
  17.000       8.4650
  18.000       8.5030
  19.000      10.0350
  20.000       9.4468
  21.000      10.4707
  22.000      12.1815
  23.000      13.8047
  24.000      13.2479
  25.000      12.5029
  26.000      11.0527
  27.000       9.2392
  28.000       8.8130
  29.000       6.9223
  30.000       8.1908
  31.000       8.2184
  32.000       7.0735
  33.000       8.0767
  34.000       9.2893
  35.000       8.3918
  36.000       7.5192
  37.000       5.1971
  38.000       4.1356
  39.000       1.8995
  40.000       1.1488
  41.000       1.9835
  42.000       3.7494
  43.000       5.8477
  44.000       8.1349
  45.000       8.7310
  46.000       7.0537
  47.000       7.8716
  48.000       6.7159
  49.000       7.7692
  50.000       9.7007
  51.000       8.2526
  52.000       8.6093
  53.000      11.2401
  54.000      10.3617
  55.000       8.2573
  56.000      10.5967
  57.000      12.2185
  58.000      10.2908
  59.000       9.8770
  60.000      12.8541
  61.000      13.5810
  62.000      11.6561
  63.000      12.0192
  64.000      13.7666
  65.000      12.1237
  66.000      10.3933
  67.000       8.5731
  68.000       6.9989
  69.000       5.4061
  70.000       3.9039
  71.000       3.9530
  72.000       4.1105
  73.000       5.6385
  74.000       6.1121
  75.000       7.9635
  76.000       8.3600
  77.000       7.1608
  78.000       8.1373
  79.000       9.4416
  80.000       7.7230
  81.000       8.5860
  82.000      11.1755
  83.000      12.1654
  84.000      13.1455
  85.000      11.8978
  86.000      14.0797
  87.000      13.9511
  88.000      11.2974
  89.000      12.2099
  90.000      14.6156
  91.000      13.2517
  92.000      12.0628
  93.000      14.6761
  94.000      16.1658
  95.000      14.6266
  96.000      12.3779
  97.000      12.4097
  98.000      14.8751
  99.000      17.2271
 100.000      17.2909
 101.000      14.6001
 102.000      13.4207
 103.000      10.8021
 104.000      11.0786
 105.000       8.2694
 106.000       7.3569
 107.000       6.9178
 108.000       7.2303
 109.000       8.9482
 110.000       8.3090
 111.000       8.4516
 112.000       8.4800
 113.000       7.1851
 114.000       9.6076
 115.000      12.4890
 116.000      14.5208
 117.000      13.0156
 118.000      10.3910
 119.000       9.0437
 120.000      10.0062
 121.000       7.6516
 122.000       6.9585
 123.000       9.8280
 124.000       9.7258
 125.000       7.6664
 126.000       9.0956
 127.000      11.7230
 128.000      11.0837
 129.000      10.3523
 130.000      11.6843
 131.000      11.1646
 132.000      10.4944
 133.000      11.6070
 134.000      13.2068
 135.000      11.6555
 136.000      11.1615
 137.000      11.6655
 138.000      11.9913
 139.000      11.3184
 140.000      11.5551
 141.000       9.8593
 142.000       9.7024
 143.000      10.8622
 144.000      12.1716
 145.000      14.5166
 146.000      15.2032
 147.000      13.4731
 148.000      13.7663
 149.000      13.5584
 150.000      11.4347
 151.000       9.6924
 152.000       6.9151
 153.000       7.3749
 154.000       5.2300
 155.000       3.5677
 156.000       2.8218
 157.000       3.2018
 158.000       3.4095
 159.000       4.4617
 160.000       5.7416
 161.000       6.3797
 162.000       8.3726
 163.000       9.1480
 164.000      10.0716
 165.000       8.2327
 166.000       9.0789
 167.000       7.9771
 168.000       9.3337
 169.000       8.5837
 170.000       7.2542
 171.000       6.9126
 172.000       6.9129
 173.000       5.2534
 174.000       7.3003
 175.000       8.2613
 176.000       9.0488
 177.000       8.6234
 178.000      11.3363
 179.000      10.9957
 180.000       8.7850
 181.000      10.3732
 182.000      12.4846
 183.000      11.3229
 184.000      10.3184
 185.000      12.8098
 186.000      13.9124
 187.000      12.5240
 188.000      13.1591
 189.000      15.7513
