#Res            first
   1.000       6.3450
   2.000       5.9093
   3.000       5.1618
   4.000       4.9181
   5.000       4.4972
   6.000       4.8511
   7.000       5.1477
   8.000       4.8572
   9.000       5.6534
  10.000       6.1718
  11.000       6.2314
  12.000       5.5862
  13.000       5.8748
  14.000       5.4585
  15.000       4.5635
  16.000       3.6237
  17.000       4.2161
  18.000       4.5210
  19.000       3.9427
  20.000       4.0153
  21.000       3.8800
  22.000       4.6407
  23.000       4.6718
  24.000       4.7609
  25.000       6.0314
  26.000       6.3722
  27.000       7.1591
  28.000       6.3977
  29.000       5.4679
  30.000       4.9323
  31.000       4.7658
  32.000       4.2608
  33.000       5.2244
  34.000       5.5901
  35.000       5.0987
  36.000       5.7267
  37.000       6.2959
  38.000       5.5807
  39.000       4.5252
  40.000       3.2117
  41.000       2.1420
  42.000       1.1006
  43.000       0.4558
  44.000       1.3527
  45.000       2.1781
  46.000       3.1798
  47.000       4.1079
  48.000       4.7646
  49.000       4.0481
  50.000       4.2739
  51.000       3.4606
  52.000       3.4936
  53.000       3.7290
  54.000       2.8825
  55.000       2.9297
  56.000       3.8566
  57.000       3.4315
  58.000       2.8002
  59.000       4.0448
  60.000       4.4552
  61.000       3.6892
  62.000       4.0917
  63.000       5.3852
  64.000       5.4976
  65.000       5.0116
  66.000       5.8679
  67.000       6.6895
  68.000       6.1984
  69.000       5.9503
  70.000       4.6615
  71.000       3.9043
  72.000       2.8254
  73.000       2.2862
  74.000       1.9130
  75.000       2.0362
  76.000       2.7696
  77.000       3.0685
  78.000       4.2012
  79.000       4.4463
  80.000       4.5497
  81.000       5.4008
  82.000       5.5244
  83.000       4.6364
  84.000       4.5395
  85.000       5.5790
  86.000       5.8469
  87.000       5.8549
  88.000       5.4089
  89.000       6.3449
  90.000       6.3599
  91.000       5.2113
  92.000       5.6834
  93.000       6.7911
  94.000       6.0787
  95.000       5.7341
  96.000       6.5051
  97.000       6.7923
  98.000       6.2433
  99.000       5.4207
 100.000       5.2544
 101.000       6.3803
 102.000       7.4137
 103.000       7.6887
 104.000       7.3933
 105.000       6.1562
 106.000       5.0917
 107.000       5.2231
 108.000       3.9594
 109.000       3.9146
 110.000       3.5848
 111.000       3.5388
 112.000       4.0591
 113.000       3.8239
 114.000       3.5093
 115.000       3.6160
 116.000       2.9899
 117.000       4.1842
 118.000       5.4442
 119.000       5.9746
 120.000       5.0458
 121.000       3.8679
 122.000       3.1396
 123.000       3.3946
 124.000       2.6754
 125.000       2.4340
 126.000       3.5814
 127.000       3.4455
 128.000       2.9759
 129.000       3.8205
 130.000       4.5969
 131.000       4.2910
 132.000       4.1334
 133.000       5.1226
 134.000       5.7160
 135.000       6.1290
 136.000       6.4788
 137.000       7.2367
 138.000       6.5469
 139.000       5.7874
 140.000       5.6464
 141.000       6.5681
 142.000       7.3167
 143.000       7.6412
 144.000       6.3193
 145.000       5.9378
 146.000       5.9333
 147.000       5.8022
 148.000       6.6757
 149.000       6.8399
 150.000       6.5177
 151.000       6.3445
 152.000       6.7359
 153.000       5.4669
 154.000       4.6897
 155.000       3.6179
 156.000       4.2639
 157.000       3.6319
 158.000       2.6839
 159.000       1.8988
 160.000       1.8999
 161.000       1.5027
 162.000       1.9121
 163.000       2.6112
 164.000       3.3419
 165.000       4.4846
 166.000       5.5862
 167.000       5.9855
 168.000       4.6963
 169.000       4.4648
 170.000       3.7252
 171.000       4.3095
 172.000       3.8002
 173.000       3.1226
 174.000       3.1119
 175.000       3.3804
 176.000       3.0027
 177.000       3.8835
 178.000       3.6295
 179.000       3.4377
 180.000       2.9422
 181.000       3.8982
 182.000       4.0402
 183.000       3.3372
 184.000       3.8848
 185.000       4.7533
 186.000       4.6760
 187.000       4.3491
 188.000       5.2935
 189.000       5.9734
 190.000       5.6621
 191.000       5.8875
 192.000       7.0174
 193.000       7.2755
 194.000       7.1506
 195.000       7.8872
 196.000       8.8111
 197.000       9.9831
