#Frame     RMSD_00002
       1       0.0000
       2       0.8383
       3       0.9398
       4       0.8827
       5       0.9283
       6       0.8947
       7       0.8344
       8       1.0212
       9       1.1474
      10       0.9567
      11       0.9361
      12       0.9354
      13       0.8694
      14       0.9252
      15       0.9741
      16       0.9196
      17       0.9079
      18       0.8064
      19       0.9749
      20       0.8803
      21       0.9144
      22       1.0235
      23       0.9569
      24       0.9749
      25       0.8751
      26       0.8992
      27       0.9952
      28       0.9204
      29       1.0542
      30       0.7792
      31       0.8038
      32       0.9244
      33       0.8540
      34       0.9277
      35       0.9072
      36       0.8820
      37       0.9132
      38       0.8167
      39       0.8228
      40       0.7933
      41       0.7046
      42       0.9654
      43       0.9071
      44       0.8352
      45       1.2259
      46       1.1890
      47       1.1533
      48       1.0964
      49       1.2233
      50       1.3015
      51       1.1998
      52       1.1002
      53       0.9382
      54       0.9956
      55       1.0553
      56       1.0846
      57       1.0415
      58       1.0403
      59       1.0772
      60       1.0404
      61       0.9421
      62       1.1835
      63       1.0413
      64       1.0972
      65       0.9527
      66       0.8436
      67       0.9579
      68       0.8212
      69       0.8858
      70       0.9503
      71       0.9598
      72       0.9855
      73       0.9424
      74       0.9244
      75       0.9663
      76       1.0096
      77       0.8681
      78       0.8646
      79       0.9101
      80       0.9347
      81       0.8736
      82       0.9256
      83       1.0028
      84       0.9449
      85       1.1025
      86       1.0593
      87       1.0359
      88       1.0586
      89       0.9609
      90       1.0838
      91       1.0349
      92       1.1287
      93       1.1112
      94       0.9060
      95       1.1544
      96       1.1493
      97       1.0288
      98       1.1880
      99       1.1744
     100       1.0945
     101       1.1061
     102       1.1634
     103       1.0306
     104       1.1707
     105       1.1450
     106       1.0905
     107       0.9931
     108       1.1348
     109       1.0846
     110       1.0746
     111       1.1455
     112       1.2078
     113       1.1778
     114       1.1461
     115       1.0981
     116       1.0861
     117       1.0945
     118       1.1103
     119       1.2228
     120       1.1688
     121       1.1744
     122       1.0824
     123       1.0587
     124       1.0280
     125       1.1855
     126       1.1188
     127       1.1089
     128       1.1038
     129       1.0149
     130       1.1392
     131       1.1900
     132       1.1829
     133       1.1455
     134       1.2630
     135       1.2698
     136       1.2704
     137       1.0870
     138       1.1345
     139       1.2029
     140       1.1746
     141       1.1072
     142       1.1884
     143       1.2125
     144       1.1687
     145       1.1007
     146       1.0776
     147       1.0486
     148       1.1461
     149       1.0724
     150       1.0290
     151       0.9442
     152       1.1078
     153       1.1328
     154       1.1319
     155       0.9022
     156       1.0671
     157       0.9875
     158       1.1366
     159       0.9505
     160       1.2095
     161       1.0641
     162       1.1336
     163       1.0316
     164       0.9993
     165       1.0910
     166       0.9844
     167       1.0749
     168       0.9926
     169       1.2194
     170       1.0952
     171       1.0074
     172       1.1431
     173       0.9611
     174       0.9973
     175       1.1133
     176       0.9510
     177       1.1304
     178       1.2631
     179       1.1840
     180       1.2113
     181       1.1195
     182       1.2675
     183       1.0883
     184       1.0526
     185       1.1677
     186       1.1422
     187       1.0540
     188       1.0858
     189       1.0470
     190       1.0374
     191       0.9882
     192       1.0626
     193       1.0165
     194       1.1110
     195       1.2068
     196       1.1414
     197       1.0363
     198       0.9759
     199       0.9964
     200       1.0811
     201       0.9582
     202       1.0400
     203       1.0166
     204       1.1610
     205       0.9659
     206       1.1341
     207       1.1169
     208       1.0098
     209       0.9254
     210       1.1370
     211       1.1137
     212       1.1477
     213       1.0163
     214       0.9555
     215       1.1940
     216       0.9501
     217       0.9250
     218       0.9135
     219       1.0883
     220       1.0306
     221       0.9255
     222       1.0271
     223       0.9187
     224       1.0864
     225       0.9738
     226       0.9514
     227       0.8892
     228       0.9824
     229       0.9646
     230       0.9838
     231       0.9372
     232       0.9393
     233       0.9846
     234       1.1096
     235       0.9448
     236       1.0866
     237       1.0358
     238       1.1419
     239       1.0510
     240       1.0567
     241       1.0550
     242       0.9866
     243       0.9941
     244       1.0231
     245       1.1265
     246       0.9175
     247       0.9981
     248       1.1665
     249       1.0803
     250       1.0170
     251       1.0793
     252       1.0678
     253       0.9859
     254       0.9322
     255       0.9522
     256       0.9338
     257       1.1758
     258       1.2035
     259       1.1133
     260       1.0915
     261       0.9583
     262       0.9937
     263       1.3240
     264       1.1515
     265       1.1166
     266       1.1437
     267       1.3361
     268       1.2248
     269       1.1475
     270       1.2085
     271       1.3224
     272       1.4310
     273       1.2020
     274       1.2429
     275       1.3395
     276       1.3112
     277       1.3366
     278       1.3885
     279       1.2215
     280       1.3409
     281       1.3435
     282       1.3937
     283       1.3404
     284       1.4041
     285       1.4155
     286       1.1868
     287       1.3890
     288       1.2293
     289       1.2857
     290       1.1546
     291       1.1678
     292       1.1260
     293       1.1867
     294       1.2578
     295       1.3519
     296       1.3407
     297       1.3158
     298       1.4271
     299       1.2476
     300       1.2432
     301       1.2148
     302       1.3085
     303       1.2971
     304       1.2917
     305       1.2604
     306       1.3284
     307       1.3050
     308       1.4144
     309       1.3863
     310       1.2378
     311       1.2571
     312       1.3797
     313       1.2036
     314       1.1868
     315       1.2414
     316       1.3691
     317       1.3237
     318       1.2182
     319       1.2125
     320       1.1416
     321       1.1400
     322       1.1347
     323       1.2032
     324       1.1887
     325       1.3400
     326       1.2461
     327       1.1394
     328       1.2474
     329       1.2172
     330       1.1516
     331       1.1468
     332       1.2976
     333       1.1276
     334       1.0837
     335       1.0258
     336       1.1611
     337       1.0015
     338       0.9959
     339       1.2249
     340       1.0926
     341       1.2298
     342       1.0950
     343       1.1327
     344       1.1571
     345       1.1058
     346       0.9961
     347       1.0274
     348       0.9867
     349       0.7973
     350       1.0404
     351       0.9766
     352       0.9118
     353       1.0160
     354       1.1247
     355       1.0175
     356       1.0178
     357       1.0582
     358       0.9365
     359       0.9643
     360       0.9900
     361       0.9885
     362       1.0454
     363       0.9653
     364       0.9289
     365       1.0836
     366       1.0091
     367       1.1725
     368       1.2387
     369       1.3304
     370       1.2019
     371       1.0812
     372       1.1978
     373       1.1345
     374       1.2794
     375       1.4501
     376       1.1468
     377       1.1194
     378       1.1246
     379       1.1463
     380       1.0430
     381       1.1376
     382       1.2347
     383       1.0301
     384       1.0753
     385       1.2148
     386       1.1121
     387       1.1124
     388       1.1989
     389       1.0949
     390       1.2077
     391       1.2901
     392       1.2967
     393       1.3244
     394       1.4356
     395       1.5840
     396       1.5522
     397       1.6877
     398       1.2431
     399       1.3802
     400       1.4189
     401       1.4271
     402       1.1863
     403       1.2414
     404       1.1213
     405       1.3435
     406       1.2244
     407       1.1810
     408       1.1414
     409       1.0326
     410       0.9835
     411       1.0303
     412       1.1350
     413       1.0982
     414       1.0305
     415       1.1454
     416       1.0067
     417       1.0295
     418       0.9125
     419       1.0590
     420       1.1907
     421       1.1294
     422       1.0756
     423       1.0712
     424       1.0166
     425       1.0915
     426       1.0697
     427       1.0477
     428       1.0943
     429       1.2936
     430       1.1769
     431       1.1389
     432       1.0935
     433       1.1693
     434       1.1097
     435       1.1158
     436       1.0817
     437       1.0338
     438       1.3087
     439       1.2685
     440       1.3394
     441       1.1697
     442       1.0726
     443       1.2149
     444       1.2023
     445       1.1123
     446       1.1473
     447       1.0218
     448       1.1547
     449       1.1530
     450       1.1320
     451       1.0514
     452       1.0676
     453       0.9503
     454       1.1019
     455       1.0077
     456       1.0538
     457       1.1549
     458       1.0153
     459       0.9393
     460       1.0640
     461       0.9957
     462       0.9885
     463       1.0697
     464       0.9713
     465       0.9353
     466       1.1922
     467       1.0337
     468       0.9412
     469       1.0995
     470       0.9604
     471       1.0486
     472       1.0751
     473       1.0367
     474       0.9759
     475       0.9467
     476       0.9176
     477       0.9726
     478       0.9055
     479       0.9387
     480       1.0290
     481       1.0001
     482       0.8611
     483       0.9169
     484       1.0398
     485       0.9418
     486       0.9380
     487       1.0197
     488       1.0206
     489       1.0001
     490       0.8879
     491       0.9902
     492       0.8613
     493       0.8593
     494       0.9465
     495       0.9128
     496       0.9107
     497       0.8464
     498       0.9697
     499       0.8582
     500       0.9149
     501       0.8733
