#Res            first
   1.000      14.5175
   2.000      12.6860
   3.000      13.5028
   4.000      14.2589
   5.000      14.3814
   6.000      17.5135
   7.000      20.2662
   8.000      21.7404
   9.000      19.0426
  10.000      20.2846
  11.000      18.1829
  12.000      15.7166
  13.000      12.7806
  14.000      15.2893
  15.000      16.8314
  16.000      14.1327
  17.000      13.1003
  18.000      11.9319
  19.000      13.2637
  20.000      12.5172
  21.000      12.8093
  22.000      15.4665
  23.000      17.7353
  24.000      16.5116
  25.000      17.0469
  26.000      15.9321
  27.000      14.6903
  28.000      15.1577
  29.000      12.9924
  30.000      16.1352
  31.000      15.9441
  32.000      13.8349
  33.000      16.1355
  34.000      16.9638
  35.000      14.1606
  36.000      11.7045
  37.000       8.6251
  38.000       5.7759
  39.000       3.1385
  40.000       1.3466
  41.000       3.0085
  42.000       5.7358
  43.000       9.0758
  44.000      12.3619
  45.000      14.4301
  46.000      13.2501
  47.000      15.0120
  48.000      12.2217
  49.000      12.4185
  50.000      14.8012
  51.000      12.0555
  52.000      11.5089
  53.000      14.4294
  54.000      13.2110
  55.000      10.1034
  56.000      12.6633
  57.000      14.5245
  58.000      12.0657
  59.000      11.8894
  60.000      15.3192
  61.000      15.9107
  62.000      14.2722
  63.000      15.4027
  64.000      17.9175
  65.000      16.2433
  66.000      14.8842
  67.000      11.7636
  68.000       9.9000
  69.000       7.1532
  70.000       5.6521
  71.000       4.8132
  72.000       4.8109
  73.000       6.9988
  74.000       7.8267
  75.000      10.8765
  76.000      11.6509
  77.000      12.0433
  78.000      14.8280
  79.000      14.9222
  80.000      12.7669
  81.000      12.2217
  82.000      15.1222
  83.000      15.8336
  84.000      15.9929
  85.000      14.3098
  86.000      17.0667
  87.000      17.2378
  88.000      14.2280
  89.000      15.1354
  90.000      18.4023
  91.000      17.4062
  92.000      15.7394
  93.000      18.8236
  94.000      21.3761
  95.000      20.3467
  96.000      17.7047
  97.000      17.3664
  98.000      20.1316
  99.000      22.8032
 100.000      21.8750
 101.000      18.4401
 102.000      16.4179
 103.000      13.1208
 104.000      13.5981
 105.000      10.5393
 106.000       9.8571
 107.000       8.7678
 108.000       9.1098
 109.000      10.6923
 110.000       9.8111
 111.000       9.7576
 112.000       9.8627
 113.000       8.5002
 114.000      11.4479
 115.000      14.6917
 116.000      16.7936
 117.000      14.8894
 118.000      12.0386
 119.000      10.7628
 120.000      12.6992
 121.000      10.2953
 122.000       8.4002
 123.000      11.9101
 124.000      12.7424
 125.000       9.8768
 126.000      10.8453
 127.000      14.3528
 128.000      14.1545
 129.000      12.4777
 130.000      13.9064
 131.000      12.8804
 132.000      13.4612
 133.000      15.4975
 134.000      17.4403
 135.000      17.3496
 136.000      15.8647
 137.000      16.8886
 138.000      19.0198
 139.000      19.1273
 140.000      19.8715
 141.000      16.8296
 142.000      15.3576
 143.000      15.8063
 144.000      15.4304
 145.000      17.8996
 146.000      18.6588
 147.000      17.1187
 148.000      17.0083
 149.000      17.0221
 150.000      14.0946
 151.000      12.0747
 152.000       9.0558
 153.000      10.6057
 154.000       9.3613
 155.000       7.3335
 156.000       5.8478
 157.000       5.4944
 158.000       4.3428
 159.000       5.7284
 160.000       7.8455
 161.000      10.0101
 162.000      13.0643
 163.000      15.4047
 164.000      16.9679
 165.000      14.1841
 166.000      14.3713
 167.000      11.7247
 168.000      12.3135
 169.000      10.7354
 170.000       8.8450
 171.000       9.0641
 172.000      10.2018
 173.000       9.0657
 174.000      12.2458
 175.000      12.1263
 176.000      12.9702
 177.000      11.2928
 178.000      14.1956
 179.000      13.8019
 180.000      10.7291
 181.000      12.2449
 182.000      14.8062
 183.000      13.4508
 184.000      12.3238
 185.000      15.3305
 186.000      16.7423
 187.000      15.4837
 188.000      16.3991
 189.000      19.3086
